Arctic_Drainage_3/veg_topo/DrainageBasinMask01.asc
NCOLS         721
NROWS         721
XLLCENTER  -9024309
YLLCENTER  -9024309
CELLSIZE  25067.525
NODATA_value  -9999
[rows 360 to 431 of 721, columns 192 to 287 of 721]
101 259 259 259 259 188 188 188 138 138 138 138 138 138 138 138 138 138 138 138 1951 1971 3098 3098 1 1 1 1 1 1 1 1 1 1 1 1 1 1 1 1 1 1 1 1 1 1 1 1 1 1 1 1 1 1 642 642 642 642 642 642 3580 3576 959 959 1007 1007 865 865 865 865 865 865 6836 1 1 1 1 1 1 1 1 1 1 1 1 1 1 1 1 1 1 1 1 1 1 1
101 259 259 259 259 188 188 188 188 188 138 138 138 138 138 138 138 138 138 1746 1951 1971 1971 4754 1 1 1 1 1 1 1 1 1 1 1 1 1 1 1 1 1 1 1 1 1 1 1 1 1 1 1 1 1 1 4753 642 642 642 1630 1630 3580 1 2111 2111 1007 1007 1007 865 865 865 2640 865 865 4752 3100 4751 6844 1 1 1 1 1 1 1 1 1 4750 6843 3579 6842 1257 4749 6841 4748 1 1
101 259 259 259 259 188 188 188 188 188 138 138 138 138 138 138 138 138 138 1746 1746 1951 1951 1971 1 1 1 1 1 1 1 1 1 1 1 1 1 1 1 1 1 1 1 1 1 1 1 1 1 1 1 1 1 1 4769 2286 2286 1630 1630 4768 1 2731 2731 2111 2111 1007 1007 1932 1932 865 2640 2640 6851 4767 3100 4766 1 1 1 1 1 1 6850 4765 4764 1 3102 3102 3579 1257 1257 1257 1864 4763 2483 4762
101 101 259 259 259 188 188 188 188 188 188 138 138 138 138 138 138 138 138 138 2377 1746 4783 1 1 1 1 1 1 1 1 1 1 1 1 1 1 1 1 1 1 1 1 1 1 1 1 1 1 1 1 1 1 1 2286 4782 4781 1630 2822 6860 1 2731 2262 2261 1758 1007 2821 1932 1932 4780 4779 1 1 6859 4778 1 1 1 1 1 1 1 4777 2558 1 1 3585 3585 1257 1257 1257 1864 1864 1864 2483 2557
101 101 259 259 188 188 188 188 188 188 188 188 138 138 138 138 138 138 138 138 2377 1746 4790 1 1 1 1 1 1 1 1 1 1 1 1 1 1 1 1 1 1 1 1 1 1 1 1 1 1 1 1 1 1 1 1 1 1630 2822 2287 2287 6867 2262 2261 1758 1758 1007 2049 2821 1932 1 1 1 1 1 1 1 1 1 1 1 1 1 2558 2558 6866 4789 3109 3109 3589 1257 1257 6865 1864 4788 2483 2557
101 101 101 259 259 188 188 188 188 188 188 188 188 138 138 138 138 138 138 138 2377 6877 1 1 1 1 1 1 1 1 1 1 1 1 1 1 1 1 1 1 1 1 1 1 1 1 1 1 1 1 1 1 1 1 1 1 1 2287 4800 6876 2262 2261 3591 1758 1007 1007 2049 6875 1 1 1 1 1 1 1 1 1 1 1 1 1 1 3590 3590 840 840 840 4799 3589 1 1 1 1 1 1 6874
101 101 259 259 259 188 188 188 188 188 188 188 188 188 138 138 138 138 138 138 6891 1 1 1 1 1 1 1 1 1 1 1 1 1 1 1 1 1 1 1 1 1 1 1 1 1 1 1 1 1 1 1 6890 6889 1 1 1 1 1 1 1 4813 3591 1758 1007 2049 2049 2559 4812 1 1 4811 4810 1 1 1 1 1 1 1 1 6888 4809 840 840 840 840 6887 1 1 1 4808 4807 1439 1 1
101 101 259 259 423 188 188 188 188 188 188 188 188 188 188 188 1819 2485 2485 2485 1 1 1 1 1 1 1 1 1 1 1 1 1 1 1 1 1 1 1 1 1 1 1 1 1 1 1 1 1 1 1 1 1 6903 1 1 1 1 1 1 1 1 1 6902 1 4820 2559 2559 960 6901 6900 4819 3112 1 1 1 1 1 1 1 1 4818 1138 840 840 840 840 1 6899 6898 1 6897 1439 1439 1840 6896
101 101 101 259 423 423 188 188 188 188 188 188 188 188 188 188 1819 1819 1819 4828 1 1 1 1 1 1 1 1 1 1 1 1 1 1 1 1 1 1 1 1 1 1 1 1 1 1 1 1 1 1 1 1 1 3599 3599 6920 6919 6918 6917 6916 6915 6914 6913 1 1 1 6912 960 960 960 1067 3112 4827 1067 6911 3598 1 4826 6910 6909 1 4825 1138 840 840 840 1423 1785 3113 1 6908 1439 1439 1840 1840 4824
101 101 101 259 423 423 423 423 423 188 188 188 188 188 188 188 1819 2824 4842 1 1 1 1 1 1 1 1 1 1 1 1 1 1 1 1 1 1 1 1 1 1 1 1 1 1 1 1 1 1 1 1 4841 6932 1229 1229 1229 1229 1229 2646 4840 6931 6930 1 1 4839 6929 4838 960 960 960 960 1067 1067 1232 1232 3598 2644 4837 2017 4836 1 1138 1138 1138 840 840 1423 1785 3113 3602 3602 1439 1439 1840 1840 3601
101 101 101 259 259 259 259 423 423 423 188 188 188 188 188 188 188 2825 2824 1 1 1 1 1 1 1 1 1 1 1 1 1 1 1 1 1 1 1 1 1 1 1 1 1 1 1 1 1 1 1 1 6940 3611 1229 1229 1660 1229 1229 2646 2646 1 6939 1 1 4847 6938 960 960 960 960 960 1067 1067 1067 1232 2644 2644 2381 2017 1 1 4846 1138 1138 1138 1423 1423 1785 1785 1785 1821 1821 2290 1610 1610 3123
101 101 101 259 259 259 259 259 259 423 423 188 188 188 188 188 188 4859 2825 1 1 1 1 1 1 1 1 1 1 1 1 1 1 1 1 1 1 1 1 1 1 1 1 1 1 1 1 1 1 1 1 1 3611 4858 1660 1660 1660 1250 1250 3124 3124 1 1 6951 4857 1 6950 1760 1760 1759 1424 1067 1067 1067 1232 1232 1232 2381 2017 6949 1 6948 4856 2230 1138 1138 1423 1423 2198 1821 1821 2290 1610 1610 1610 6947
101 101 101 101 259 259 259 259 259 423 423 188 188 188 188 188 188 4874 1 1 1 1 1 1 1 1 1 1 1 1 1 1 1 1 1 1 1 1 1 1 1 1 1 1 1 1 1 1 1 1 1 1 1 4873 1660 1660 1250 1250 1250 6961 1 1 1 1 1 4872 4871 1760 1759 1759 1424 1424 3128 1067 6960 1232 1232 2381 2017 1 6959 1 2230 2230 582 582 1423 582 2198 2198 1821 2290 4870 1610 6958 1
101 101 101 101 473 259 259 259 259 423 423 423 423 188 188 3613 3613 1 1 1 1 1 1 1 1 1 1 1 1 1 1 1 1 1 1 1 1 1 1 1 1 1 1 1 1 1 1 1 4878 1 1 1 1 1 1 1250 1250 1250 4877 1 1 1 1 1 1 1 6972 1760 1759 1424 1424 4876 3128 1 1 1232 6971 6970 1 1 1 1 6969 2230 582 582 582 582 2198 3127 1 1 1 1 6968 6967
101 101 101 473 473 259 259 259 259 423 423 423 423 1044 1044 3616 3616 1 1 1 1 1 1 1 1 1 1 1 1 1 1 1 1 1 1 1 1 1 1 1 1 1 1 1 1 1 1 4886 4885 6980 1 1 1 1 1 2561 2561 1250 6979 1 1 1 1 1 1 1 1 1760 1759 1424 3617 1 1 1 1 6978 1 1 1 1 4884 1 4883 2734 582 582 582 582 3127 4882 4881 6977 1 1 3615 3615
101 473 473 473 259 259 259 259 259 423 423 423 423 1044 1044 1044 3618 3618 1 1 1 1 1 1 1 1 1 1 1 1 1 1 1 1 1 1 1 1 1 1 1 1 1 1 1 1 1 4890 6991 6990 1 1 1 1 1 4889 2561 6989 1 1 1 1 1 1 1 1 1 1 6988 1424 3617 1 1 1 1 1 1 1 1 1 6987 1 2734 2734 582 2828 582 582 582 1336 1336 1336 1 1 6986 2051
101 473 473 473 473 473 259 259 259 423 423 423 1286 1286 1044 1044 1044 7001 1 1 1 1 1 1 1 1 1 1 1 1 1 1 1 1 1 1 1 1 1 1 1 1 1 1 1 1 1 1 1 7000 4900 1 1 1 6999 4899 6998 6997 1 1 1 1 1 1 1 1 1 1 1 1 1 1 1 1 1 1 1 1 1 1 4898 6996 6995 1 2828 2647 582 582 582 1336 1336 2384 4897 3132 1 2829
101 473 473 473 473 473 473 259 259 423 423 423 1885 1286 1044 1044 1044 1044 1 1 1 1 1 1 1 1 1 1 1 1 1 1 1 1 1 1 1 1 1 1 1 1 1 1 1 1 1 1 1 1 1 1 1 4909 4908 7007 1 1 1 1 1 1 1 1 1 1 1 1 1 1 1 1 1 1 1 1 1 1 1 1 1 7006 4907 1 2647 2647 582 582 582 1336 1336 2384 3132 4906 1 4905
101 101 473 473 473 473 473 259 259 423 423 423 1885 2386 1286 1286 1286 7015 1 1 1 1 1 1 1 1 1 1 1 1 1 1 1 1 1 1 1 1 1 1 1 1 1 1 1 1 1 1 1 1 1 1 1 4913 7014 1 1 1 1 1 1 1 1 1 1 1 1 1 1 1 1 1 1 1 1 1 1 3133 3133 1 1 1 1 923 923 923 582 582 582 1336 1955 2384 3621 3621 1 1
101 101 101 473 473 473 473 473 259 423 423 2830 1885 1885 2386 3137 1286 1286 1 1 1 1 1 1 1 1 1 1 1 1 1 1 1 1 1 1 1 1 1 1 1 1 1 1 1 1 1 1 1 1 1 1 1 1 7020 1 1 1 1 1 1 1 1 1 1 1 1 1 1 1 1 1 1 1 1 1 1 1 1 1 1 1 4917 923 923 923 923 582 582 2292 1955 1955 4916 4915 1 1
101 101 101 101 473 473 473 473 259 423 423 3624 2830 1885 2386 7028 3137 1 1 1 1 1 1 1 1 1 1 1 1 1 1 1 1 1 1 1 1 1 1 1 1 1 1 1 1 1 1 1 1 1 1 1 1 1 1 1 1 1 1 1 1 1 1 1 1 1 1 1 1 1 1 1 1 1 1 1 1 1 1 1 1 1 1787 1787 923 923 923 923 2294 2294 2292 2292 1955 1 1 1
131 101 101 101 101 473 473 473 259 423 7036 3624 7035 1 1 1 1 1 1 1 1 1 1 1 1 1 1 1 1 1 1 1 1 1 1 1 1 1 1 1 1 1 1 1 1 1 1 4923 1 1 1 1 1 1 1 1 1 1 1 1 1 1 1 1 1 1 1 1 1 1 1 1 1 1 1 1 1 1 1 1 1 2649 2563 2563 1787 1787 923 923 1842 1842 2294 7034 1 1 1 1
131 101 101 101 101 2296 4928 473 1 1 1 1 1 1 1 1 1 1 1 1 1 1 1 1 1 1 1 1 1 1 1 1 1 1 1 1 1 1 1 1 1 1 1 1 1 1 4927 3626 3626 1 1 1 1 1 1 1 1 1 1 1 1 1 1 1 1 1 1 1 1 1 1 1 3625 3625 1869 1 1 7045 7044 1 1183 2649 2649 2563 1787 595 595 923 1842 1842 1842 1 1 1 1 1
131 131 101 101 101 101 2296 1 1 7061 1 1 1 1 1 1 1 1 1 1 1 1 1 1 1 1 1 1 1 1 1 1 1 1 1 1 1 1 1 1 1 1 1 1 1 1 1 1 1 1 1 1 1 1 1 1 1 1 1 3143 3627 1 1 1 1 1 1 1 1 1 1 7060 1524 1524 1869 1869 1 1 4934 7059 1183 1183 1183 595 595 595 595 3142 3142 4933 1 1 1 1 1 1
131 131 131 3146 3146 101 2296 1 7072 7071 1 1 1 1 1 1 1 1 1 1 1 1 1 1 1 1 1 1 1 1 1 1 1 1 1 1 1 1 1 1 1 1 1 1 1 1 1 1 1 1 1 1 1 4940 1 1 1 1 7070 3143 3627 2832 4939 1 1 1 1 1 1 1 1 1524 1524 1524 1869 1869 1 7069 1 1575 1183 1183 1183 595 595 595 1459 3631 3631 1 1 1 1 1 1 1
131 131 131 3149 3149 1 1 1 3633 3633 1 1 1 1 1 1 1 1 1 1 1 1 1 1 1 1 1 1 1 1 1 1 1 1 1 1 1 1 1 1 1 1 1 1 1 1 1 1 1 1 1 1 1 4947 1 1 1 1 7085 2052 2832 2737 2737 1 1 1 1 1 1 1 1 1 1524 1524 1 1 7084 1 1337 1575 1575 1183 1183 595 595 595 1459 1459 4946 7083 7082 1 1 1 1 1
131 131 131 4958 4957 1 1 1 7099 1 1 1 1 1 1 1 1 1 1 1 1 1 1 1 1 1 1 1 1 1 1 1 1 1 1 1 1 1 1 1 1 1 1 1 1 1 1 4956 7098 7097 7096 1 1 1 1 7095 1 1 4955 2052 2052 2737 4954 1 1 1 1 1 1 1 1 1 1 1 7094 4953 1 3150 1337 1337 1337 1575 1183 595 595 1459 1459 1459 1459 7093 4952 1 1 1 1 1
131 131 7109 7108 1 1 1 1 1 1 1 1 1 1 1 1 1 1 1 1 1 1 4965 7107 1 1 1 1 1 1 1 1 1 1 7106 1 1 1 1 1 1 1 1 1540 7105 2738 1109 1974 1974 1974 1974 1 1 1 1 1 1 1 1 2052 4964 2116 2116 1 1 1 1 1 1 1 1 1 1 1 4963 1 1 2297 3150 1337 1337 1575 1575 595 595 595 595 595 7104 1 1 1 1 1 1 1
1207 1207 1 1 1 1 1 1 1 1 1 1 1 1 1 1 1 1 1 1 1 1 1 4977 1 1 1 1 1 1 1 1 1 1 7118 1564 1392 1 1 1 1 7117 3154 2650 1540 2738 2738 1109 1109 1109 4976 1 1 1 1 1 1 1 1 1 7116 2116 2116 2389 1 1 1 1 1 1 1 1 1 1 1 1 1 4975 2297 2297 1337 1337 1284 595 595 595 595 595 1 1 1 1 1 1 1 1
1211 1207 1207 1 1 1 1 1 1 1 1 1 1 1 1 878 3160 4987 1 1 1 1 1 1 1 1 1 1 1 1 1 1 1 673 1564 1564 1392 724 2019 3159 362 362 3154 2650 2650 1540 1109 1109 1109 1472 4986 1 1 1 1 1 1 1 1 1 4985 2389 2389 3158 1 1 1 7128 3157 1 1 1 1 1 1 7127 732 3156 3156 732 732 732 1284 1284 1284 595 2053 3155 3155 1 1 1 1 1 1 1
1211 1211 1 1 1 1 1 1 1 1 1 1 1 1 3164 878 878 3160 1 1 1 1 1 1 1 1 1 1 1 1 1 1 1 673 673 1564 1392 724 2019 3159 362 362 362 362 362 362 1540 1109 1109 1472 1472 1 1 1 1 1 1 1 1 1 1 7134 3158 4993 1576 1 2495 3157 1370 1370 182 3163 1 1 3162 732 732 732 732 732 732 732 1441 1284 1284 1284 2053 2053 2053 1 1 1 1 1 1 1
373 373 2652 7144 1 1 1 1 1 1 7143 1788 7142 135 3164 878 878 878 1287 1 1 1 1 1 1 1 1 1 1 1 1 1 2055 673 673 1564 1392 724 2019 362 362 362 362 362 362 362 1540 1109 1109 1472 7141 1 1 1 1 1 1 1 1 1 7140 4999 1576 1576 2054 3639 2495 1370 1370 1370 182 3163 4998 7139 3162 732 732 732 732 732 732 732 1441 1441 3165 3165 1284 4997 7138 1 1 1 1 1 1 1
373 2652 2652 184 1 1 1 1 1729 2298 949 1788 1788 135 135 878 878 878 1287 7148 1 1 1 1 1 1 1 1 1 1 1 1323 2055 2055 673 1564 1392 724 2019 362 362 362 362 362 362 362 362 1540 1472 1472 7147 1 1 1 1 1 1 1 1 1 1 7146 1576 1576 2054 3639 2495 1370 1370 1370 182 182 182 182 182 182 182 182 732 1509 1509 1509 1441 1441 1441 1822 1 1 1 1 1 1 1 1 1 1
184 184 184 528 247 7157 2497 274 2117 1729 2298 949 1788 135 135 878 878 878 1287 281 281 1 1 1 1 1 1 1 1 2392 2391 1323 1323 2055 673 673 1392 724 362 362 362 362 362 362 267 362 362 362 1472 362 2056 1 1 1 1 1 1 1 1 1 7156 5007 1576 2054 2054 182 182 182 182 182 182 182 182 182 182 182 182 182 182 1509 1509 1509 5006 7155 1441 1822 1822 1822 1 1 1 1 1 1 1 1
184 184 184 528 247 247 2497 274 2117 1729 2298 949 1788 135 135 878 878 1287 1287 281 281 7166 7165 3644 1 1 2499 694 2498 2392 2391 1323 1323 673 673 673 1392 724 362 362 362 362 362 267 267 267 362 362 362 362 2056 5015 1 1 1 1 1 1 1 5014 2656 182 182 182 182 182 182 182 182 182 182 182 182 182 182 182 182 182 182 3170 3170 1509 7164 1 5013 1 1822 1 1 1 1 1 1 1 1 1
184 184 184 528 247 247 2497 274 2117 2117 1729 949 949 135 135 878 1287 1287 281 281 281 281 281 3644 2500 599 2499 694 2498 2392 2391 1323 1323 673 673 673 724 724 724 362 267 362 267 267 267 267 267 362 362 2056 2056 5017 1 1 1 1 1 1 1 2656 2656 182 182 182 182 182 182 182 182 182 182 182 182 182 182 182 182 182 2299 2655 2655 1 1 1 7175 1 1 1 1 1 1 1 1 1 1 1
184 184 528 528 247 247 247 274 274 274 1729 949 949 135 135 135 1287 281 281 281 281 281 281 281 2500 599 2499 694 2498 285 285 1323 673 673 673 673 724 724 724 267 267 267 267 267 267 267 267 362 362 362 5024 7185 1 1 1 1 1 1 7184 3174 3174 182 182 182 182 182 182 182 182 182 182 182 182 182 182 182 182 182 2299 3176 2655 1 1 1 7183 1 1 1 1 1 1 1 1 1 1 1
184 184 184 528 247 247 247 247 274 274 949 949 949 135 135 135 135 135 281 281 281 281 281 281 2500 599 599 694 694 285 285 285 673 285 673 724 724 724 724 267 267 267 267 267 267 267 267 267 267 3180 5031 1 1 1 1 1 1 7189 1 7188 182 182 182 182 182 182 182 182 182 182 182 182 182 182 182 182 182 182 182 2299 3176 1 1 1 1 1 1 1 1 1 1 1 1 1 1 1
184 184 528 528 247 247 247 247 274 274 274 949 949 135 135 135 135 135 281 281 281 281 281 281 599 599 599 694 694 285 285 285 673 285 285 724 285 724 724 267 267 267 267 267 267 267 267 267 3182 3180 1 1 1 1 1 1 3179 3179 2233 2233 182 182 182 182 182 182 182 182 182 1679 1679 1679 7193 1081 1081 1081 1081 1678 1678 7192 1 1 1 1 1 1 1 1 1 1 1 1 1 1 1 1
184 184 528 528 247 247 247 247 274 274 274 274 949 135 135 135 135 135 135 281 281 281 599 599 599 599 694 694 694 285 285 285 285 285 285 285 285 267 267 267 267 267 267 267 267 267 267 267 5041 3182 1 1 1 1 1 1 7200 2233 2233 1652 182 182 182 182 182 598 598 598 598 1679 1679 7199 1 1081 1081 1081 1081 1678 1678 1678 1 1 1 1 1 1 1 1 1 1 1 1 1 1 1 1
184 528 528 528 247 247 247 247 274 274 274 274 135 135 135 135 135 135 135 135 281 281 599 599 599 599 694 694 100 100 285 285 285 285 285 285 285 285 267 267 267 267 267 267 267 267 267 267 5049 1 1 1 1 1 1 7207 3183 3183 1652 1652 1662 182 182 182 182 598 598 598 598 5048 1679 5047 5046 1081 2841 1081 1081 1678 7206 1 1 1 1 1 1 1 1 1 1 1 1 1 1 1 1 1
184 528 528 528 247 247 247 247 274 274 274 274 274 135 135 135 135 135 135 135 281 281 599 599 599 599 694 694 694 100 100 285 285 285 285 285 285 285 285 267 267 267 267 267 267 1558 1558 1558 5054 1 1 1 1 1 1 1 1652 1652 1652 1662 1662 1662 2565 182 598 598 598 3189 5053 1 1 1 1 2841 1661 1661 1661 2394 2394 2394 7211 1 1 1 1 1 1 1 1 1 1 1 1 1 1 1
184 184 528 528 247 247 247 247 274 274 274 274 274 135 135 135 135 135 135 135 135 281 599 599 599 599 694 694 694 100 100 100 285 285 285 285 285 285 285 267 267 267 267 267 267 1558 1558 3191 7218 1 1 1 1 1 1 1 2395 2395 2395 1662 1662 2565 2565 598 598 598 598 3189 5063 1 1 1 1 1661 1661 1661 2566 2843 3655 3655 1 1 1 1 1 1 1 1 1 1 1 1 1 1 1 1
184 184 528 528 247 247 247 247 247 274 274 274 274 135 135 135 135 135 135 135 135 281 281 599 599 281 281 694 694 100 100 100 285 285 285 285 285 285 267 267 1324 1496 1496 5068 267 1558 1496 3659 3191 1 1 1 1 1 1 7226 1634 1634 1634 7225 1 2302 2302 598 598 2171 2171 2171 1 1 1 1 1 3657 3657 1431 2566 2566 2843 5067 1 1 1 1 1 1 1 1 1 1 1 1 1 1 1 1
184 528 528 528 528 247 247 247 247 274 274 274 135 135 135 135 135 135 135 135 135 281 281 281 281 281 281 281 100 100 100 100 100 100 100 285 285 285 267 1324 1324 2303 2263 1496 1 1496 5078 3659 1 1 1 1 1 1 1 1634 1634 1634 1956 7232 2302 5077 598 598 598 2171 2301 2301 1 1 1 1 1431 1431 1431 1843 1843 7231 1 1 1 1 1 1 1 1 1 1 1 1 1 1 1 1 1 1
184 528 528 528 528 247 247 247 274 274 274 274 135 135 135 135 135 135 135 135 135 281 281 281 281 281 281 281 100 100 100 100 100 100 100 285 285 285 285 1324 1324 2303 2847 2263 1496 1496 7242 1 7241 1 1 1 1 1 1 1956 1956 1956 5085 1 1 7240 598 598 598 2301 7239 1 1 1 1 2399 5084 1431 1431 1843 1843 1843 1 1 1 1 1 1 1 1 1 1 1 1 1 1 1 1 1 1
184 184 184 528 528 247 247 247 247 274 274 274 135 135 135 135 135 135 135 135 135 281 281 281 281 281 281 281 281 100 100 100 100 100 100 100 285 285 285 1324 1324 2849 2303 2847 2263 1 1 1 1 1 1 1 1 1 1 2400 2400 2400 7249 1 5093 2848 2264 598 598 3663 3663 1 1 1 1 5092 2399 2399 1431 2502 2502 2502 1 1 1 1 1 1 1 1 1 1 1 1 1 1 1 1 1 1
184 184 247 247 247 247 247 247 274 274 274 274 135 135 135 135 135 135 135 135 135 281 281 281 281 100 100 100 100 100 100 100 100 100 100 100 285 285 285 285 1324 5103 2849 1 1 1 1 1 1 1 1 1 1 1 1 2121 2121 2121 1 1 2848 2264 1770 2401 5102 7258 7257 1 1 1 3198 3198 2568 2568 1844 1844 3197 3197 5101 1 1 1 1 1 1 1 1 1 1 1 1 1 1 1 1 1
0 247 247 247 247 247 247 247 247 274 274 274 135 135 135 135 135 135 135 135 135 135 135 281 281 100 100 100 100 100 100 100 100 100 100 100 285 285 285 3199 1 1 1 1 1 1 1 5110 7268 1 1 1 1 1 1 7267 2121 5109 1 1 2264 1770 1770 2401 5108 1 1 1 1 1 5107 7266 2568 7265 3204 1844 1844 3666 7264 1 1 1 1 1 1 1 1 1 1 1 1 1 1 1 1 1
0 0 0 0 247 247 247 247 247 274 274 274 274 274 135 135 135 135 135 135 135 135 135 135 135 135 100 100 100 100 100 100 100 100 100 100 100 285 3199 2402 2402 1 1 1 1 1 1 1 1 1 1 1 1 1 1 5116 7279 1 1 1 5115 1770 7278 2401 7277 1 1 1 1 1 5114 1 1 1 3204 1844 7276 3666 5113 1 1 1 1 1 1 1 1 1 1 1 1 1 1 1 1 1
0 0 0 0 0 247 247 247 247 247 274 274 274 274 274 135 135 135 135 135 135 135 135 135 135 135 135 100 100 100 100 100 100 100 100 100 100 100 2402 2503 2503 2503 1 1 1 1 1 1 1 1 1 1 1 1 1 1 1 1 1 1 1770 7288 1 5121 1 1 1 1 1 1 1 1 1 1 1 1 1 1 1 1 1 1 1 1 1 1 1 1 1 1 1 1 1 1 1 1
0 0 0 0 0 0 0 247 247 247 247 247 274 274 274 135 135 135 135 135 135 135 100 135 135 135 135 100 100 100 100 100 100 100 100 100 100 100 100 100 1 1 1 1 1 1 1 1 1 1 1 1 1 1 1 1 1 1 1 1 1 1 1 1 1 1 1 1 1 1 1 1 1 1 1 1 1 1 1 1 1 1 1 1 1 1 1 1 1 1 1 1 1 1 1 7294
0 0 0 0 0 0 0 0 0 247 247 247 274 274 274 274 135 135 135 135 100 100 100 135 135 135 100 100 100 100 100 100 100 100 100 100 1395 1395 1395 1395 1395 1 1 1 1 1 1 1 1 1 1 1 1 1 1 5132 1 1 1 7300 1 1 1 1 1 1 1 1 1 1 1 1 1 1 1 1 1 1 1 1 1 1 1 1 1 1 1 1 1 1 1 1 1 1 1 3669
0 0 0 0 0 0 0 0 0 0 0 0 0 274 274 135 135 135 135 100 100 100 100 100 100 100 100 100 100 100 100 100 100 100 100 1395 1395 331 331 331 1 1 1 1 1 1 1 1 1 1 1 1 1 1 1 7306 1 1 1 1 1 1 1 1 1 1 1 1 1 1 1 1 1 1 1 1 1 1 1 1 1 1 1 1 1 1 1 1 1 1 1 1 1 1 1 7305
0 0 0 0 0 0 0 0 0 0 0 0 0 274 274 135 135 135 100 100 100 100 100 100 100 100 100 100 100 100 100 100 100 100 100 100 331 331 331 2853 3210 1 1 1 1 1 1 1 1 1 1 1 1 1 1 1 1 1 1 1 1 1 1 1 1 1 1 1 1 1 1 1 1 1 1 1 1 1 1 1 1 1 1 1 1 1 1 1 1 1 1 1 1 1 1 2058
0 0 0 0 0 0 0 0 0 0 0 0 0 0 0 0 135 135 100 100 100 100 100 100 100 100 100 100 100 100 100 100 100 100 100 331 331 331 2853 3210 957 2059 5146 1 1 1 1 1 1 1 1 1 1 1 1 1 1 1 1 1 1 1 1 1 1 1 1 1 1 1 1 1 1 1 1 1 1 1 1 1 1 1 1 1 1 1 1 1 1 1 1 1 1 1 1 1
0 0 0 0 0 0 0 0 0 0 0 0 0 0 0 0 0 0 100 100 100 100 100 100 100 100 100 100 100 100 100 331 331 331 331 331 331 331 957 957 2059 2059 286 1074 1 3676 2122 7320 2855 5156 5155 1 1 1 1 1 1 1 1 1 1 1 1 1 1 1 1 1 1 1 1 1 1 1 1 1 1 1 1 1 1 1 1 1 1 1 1 1 1 1 1 1 1 1 1 1
0 0 0 0 0 0 0 0 0 0 0 0 0 0 0 0 0 0 100 100 100 100 100 100 100 100 100 100 100 100 331 331 331 331 331 331 331 957 957 957 2059 286 286 1074 7330 3676 2122 2855 5162 5161 1 1 1 1 1 1 1 1 1 1 1 1 1 1 1 1 1 1 1 1 1 1 1 1 1 1 1 1 1 1 1 1 1 1 1 1 1 1 1 1 1 1 7329 7328 1 1
0 0 0 0 0 0 0 0 0 0 0 0 0 0 0 0 0 0 100 100 100 100 100 100 100 100 100 0 100 100 331 331 331 331 331 331 331 957 957 957 286 286 1074 1074 1074 2122 2122 0 0 1 1 1 1 1 1 1 1 1 1 1 1 1 1 1 1 1 1 1 1 1 1 1 1 1 1 1 1 1 1 1 1 1 1 1 1 1 1 1 1 2006 1 5168 5167 1 1 1
0 0 0 0 0 0 0 0 0 0 0 0 0 0 0 0 0 100 100 100 100 100 100 100 0 0 0 0 100 100 331 331 331 331 331 331 957 957 957 286 286 286 1074 1074 1074 1074 0 0 0 1 1 1 1 1 1 1 1 1 1 1 1 1 1 1 1 1 1 1 1 1 1 1 1 1 1 1 1 1 1 1 1 1 1 1 1 1 1 7344 2304 2304 2006 2006 2666 1 7343 438
0 0 0 0 0 0 0 0 0 0 0 0 0 0 0 0 0 100 100 100 100 100 100 100 0 0 0 100 100 331 331 331 331 331 331 331 957 286 286 286 286 286 0 0 1074 1074 0 0 1 1 1 1 1 1 1 1 1 1 1 1 1 1 1 1 1 1 1 1 1 1 1 1 1 1 1 1 1 1 1 1 1 1 1 1 1 1 3217 3217 1 7352 2304 2006 2666 2666 5177 438
0 0 0 0 0 0 0 0 0 0 0 0 0 0 0 0 0 100 100 100 100 100 100 0 0 0 0 100 0 286 331 331 331 331 331 331 286 286 286 286 286 286 0 0 0 0 0 1 1 1 1 1 1 1 1 1 1 1 1 1 1 1 1 1 1 1 1 1 1 1 1 1 1 1 1 1 1 1 1 1 1 1 1 1 1 1 674 674 674 674 674 1 7358 674 674 674
0 0 0 0 0 0 0 0 0 0 0 0 0 0 0 0 0 100 0 100 100 100 0 0 0 0 0 0 286 286 331 331 331 331 331 286 286 286 286 286 286 286 0 0 0 0 0 1 1 1 1 1 1 1 1 1 1 1 1 1 1 1 1 1 1 1 1 1 1 1 1 1 1 1 1 1 1 1 1 1 1 1 1 1 7362 5185 5184 674 674 674 674 674 674 674 674 674
0 0 0 0 0 0 0 0 0 0 0 0 0 0 0 0 0 0 0 0 0 0 0 0 0 0 0 0 286 286 286 286 286 286 286 286 286 286 286 286 0 0 0 0 0 0 1 1 1 1 1 1 1 1 1 1 1 1 1 1 1 1 1 1 1 1 1 1 1 1 1 1 1 1 1 1 1 1 1 1 1 1 1 2505 2505 2505 1 1 57 57 57 674 674 674 674 57
0 0 0 0 0 0 0 0 0 0 0 0 0 0 0 0 0 0 0 0 0 0 0 0 0 0 0 0 286 286 286 286 286 286 286 286 286 0 0 0 0 0 0 0 0 1 1 1 1 1 1 1 1 1 1 1 1 1 1 1 1 1 1 1 1 1 1 1 1 1 1 1 1 1 1 1 1 1 1 1 1 1 1 2021 2021 2021 2021 57 57 57 57 57 57 57 57 57
1 1 1 0 0 0 0 0 0 0 0 0 0 0 0 0 0 0 0 0 0 0 0 0 0 0 0 0 0 286 286 286 286 286 286 286 0 0 0 0 0 0 0 0 0 1 1 1 1 1 1 1 1 1 1 1 1 1 1 1 1 1 1 1 1 1 1 1 1 1 1 1 1 1 1 1 1 1 1 1 1 1 5191 2669 57 57 57 57 57 57 57 57 57 57 57 57
0 1 1 1 0 0 0 0 0 0 0 0 0 0 0 0 0 0 0 0 0 0 0 0 0 0 0 0 0 286 286 286 286 286 0 0 0 0 0 0 0 0 0 0 0 1 1 1 1 1 1 1 1 1 1 1 1 1 1 1 1 1 1 1 1 1 1 1 1 1 1 1 1 1 1 1 1 1 1 1 1 1 2669 2669 1 2174 2174 2174 57 57 57 57 57 57 57 57
0 0 1 1 1 0 0 0 0 0 0 0 0 0 0 0 0 0 0 0 0 0 0 0 0 0 0 0 0 0 286 286 286 286 0 0 0 0 0 0 0 0 0 1 1 1 1 1 1 1 1 1 1 1 1 1 1 1 1 1 1 1 1 1 1 1 1 1 1 1 1 1 1 1 1 1 1 1 1 1 1 3687 3687 2406 722 722 722 2174 57 57 57 57 57 57 57 57
0 0 0 1 1 0 1 1 0 0 0 0 0 0 0 0 0 0 0 0 0 0 0 0 0 0 0 0 0 0 0 0 0 0 0 0 0 0 0 0 0 0 1 1 1 1 1 1 1 1 1 1 1 1 1 1 1 1 1 1 1 1 1 1 1 1 1 1 1 1 1 1 1 1 1 1 1 1 1 1 1 2406 2406 1565 722 722 722 722 57 57 57 57 57 57 57 57
0 0 0 0 1 1 1 1 1 1 0 0 0 0 0 0 0 0 0 0 0 0 0 0 0 0 0 0 0 0 0 0 0 0 0 0 0 0 0 0 0 1 1 1 1 1 1 1 1 1 1 1 1 1 1 1 1 1 1 1 1 1 1 1 1 1 1 1 1 1 1 1 1 1 1 1 1 1 1 1 3690 3690 1565 1565 722 722 722 364 722 57 57 57 57 57 57 57
0 0 0 0 0 1 1 1 1 1 0 0 0 0 0 0 0 0 0 0 0 0 0 0 0 0 0 0 0 0 0 0 0 0 0 0 0 0 1 1 1 1 1 1 1 1 1 1 1 1 1 1 1 1 1 1 1 1 1 1 1 1 1 1 1 1 1 1 1 1 1 1 1 1 1 1 1 1 1 1 1 1565 1565 1565 722 722 364 364 364 722 57 57 57 57 57 57
0 0 0 0 0 0 1 1 1 1 1 0 0 0 0 0 0 0 0 0 0 0 0 0 0 0 0 0 0 0 0 0 0 0 0 0 0 0 0 1 1 1 1 1 1 1 1 1 1 1 1 1 1 1 1 1 1 1 1 1 1 1 1 1 1 1 1 1 1 1 1 1 1 1 1 1 1 1 1 7406 3231 3231 1 722 722 364 364 364 364 364 722 57 57 57 57 57
