Arctic_Drainage_3/veg_topo/DrainageBasinMask01.asc
NCOLS         721
NROWS         721
XLLCENTER  -9024309
YLLCENTER  -9024309
CELLSIZE  25067.525
NODATA_value  -9999
[rows 288 to 359 of 721, columns 192 to 287 of 721]
0 0 0 0 16 16 16 16 16 16 16 16 16 16 16 16 16 16 16 16 16 16 16 16 10 10 10 10 10 10 10 10 10 10 10 10 10 10 10 10 10 10 10 10 10 10 10 10 10 10 10 10 10 10 10 10 10 10 10 10 10 10 10 10 10 10 10 10 10 10 10 10 10 10 10 10 10 10 10 10 10 10 10 10 10 10 10 10 10 10 10 10 10 10 10 10
0 0 0 0 0 16 16 16 16 16 16 16 16 16 16 16 16 16 16 16 16 16 16 16 10 10 10 10 10 10 10 10 10 10 10 10 10 10 10 10 10 10 10 10 10 10 10 10 10 10 10 10 10 10 10 10 10 10 10 10 10 10 10 10 10 10 10 10 10 10 10 10 10 10 10 10 10 10 10 10 10 10 10 10 10 10 10 10 10 10 10 10 10 10 10 10
0 0 0 0 0 16 16 16 16 16 16 16 16 16 16 16 16 16 16 16 16 16 16 16 10 10 10 10 10 10 10 10 10 10 10 10 10 10 10 10 10 10 10 10 10 10 10 10 10 10 10 10 10 10 10 10 10 10 10 10 10 10 10 10 10 10 10 10 10 10 10 10 10 10 10 10 10 10 10 10 10 10 10 10 10 10 10 10 10 10 10 10 10 10 10 10
0 0 0 0 0 16 16 16 16 16 16 16 16 16 16 16 16 16 16 16 16 16 16 16 10 10 10 10 10 10 10 10 10 10 10 10 10 10 10 10 10 10 10 10 10 10 10 10 10 10 10 10 10 10 10 10 10 10 10 10 10 10 10 10 10 10 10 10 10 10 10 10 10 10 10 10 10 10 10 10 10 10 10 10 10 10 10 10 10 10 10 10 10 10 10 10
0 0 0 0 0 0 16 16 16 16 16 16 16 16 16 16 16 16 16 16 16 16 16 10 10 10 10 10 10 10 10 10 10 10 10 10 10 10 10 10 10 10 10 10 10 10 10 10 10 10 10 10 10 10 10 10 10 10 10 10 10 10 10 10 10 10 10 10 10 10 10 10 10 10 10 10 10 10 10 10 10 10 10 10 10 10 10 10 10 10 10 10 10 10 10 10
0 0 0 0 0 0 0 16 16 16 16 16 16 16 16 16 16 16 16 16 16 16 16 16 10 10 10 10 10 10 10 10 10 10 10 10 10 10 10 10 10 10 10 10 10 10 10 10 10 10 10 10 10 10 10 10 10 10 10 10 10 10 10 10 10 10 10 10 10 10 10 10 10 10 10 10 10 10 10 10 10 10 10 10 10 10 10 10 10 10 10 10 10 10 10 10
0 0 0 0 0 0 16 16 16 16 16 16 16 16 16 16 16 16 16 16 16 16 16 16 16 10 10 10 10 10 10 10 10 10 10 10 10 10 10 10 10 10 10 10 10 10 10 10 10 10 10 10 10 10 10 10 10 10 10 10 10 10 10 10 10 10 10 10 10 10 10 10 10 10 10 10 10 10 10 10 10 10 10 10 10 10 10 10 10 10 10 10 10 10 10 10
0 0 0 0 0 0 16 16 16 16 16 16 16 16 16 16 16 16 16 16 16 16 16 16 16 10 10 10 10 10 10 10 10 10 10 10 10 10 10 10 10 10 10 10 10 10 10 10 10 10 10 10 10 10 10 10 10 10 10 10 10 10 10 10 10 10 10 10 10 10 10 10 10 10 10 10 10 10 10 10 10 10 10 10 10 10 10 10 10 10 10 10 10 10 10 10
0 0 0 0 0 16 16 16 16 16 16 16 16 16 16 16 16 16 16 16 16 16 16 16 16 10 10 10 10 10 10 10 10 10 10 10 10 10 10 10 10 10 10 10 10 10 10 10 10 10 10 10 10 10 10 10 10 10 10 10 10 10 10 10 10 10 10 10 10 10 10 10 10 10 10 10 10 10 10 10 10 10 10 10 10 10 10 10 10 10 10 199 199 10 10 199
0 0 0 0 16 16 16 16 16 16 16 16 16 16 16 16 16 16 16 16 16 16 16 16 16 10 10 10 10 10 10 10 10 10 10 10 10 10 10 10 10 10 10 10 10 10 10 10 10 10 10 10 10 10 10 10 10 10 10 10 10 10 10 10 10 10 10 10 10 10 10 10 10 10 10 10 10 10 10 10 10 10 10 10 10 10 10 10 10 10 10 199 199 199 199 199
0 0 0 0 16 16 16 16 16 16 16 16 16 16 16 16 16 16 16 16 16 16 16 16 16 10 10 10 10 10 10 10 10 10 10 10 10 10 10 10 10 10 10 10 10 10 10 10 10 10 10 10 10 10 10 10 10 10 10 10 10 10 10 10 10 10 10 10 10 10 10 10 10 10 10 10 10 10 10 10 10 10 10 10 10 10 10 10 10 10 199 199 199 199 199 199
0 0 0 0 16 16 16 16 16 16 16 16 16 16 16 16 16 16 16 16 16 16 16 16 16 10 10 10 10 10 10 10 10 10 10 10 10 10 10 10 10 10 10 10 10 10 10 10 10 10 10 10 10 10 10 10 10 10 10 10 10 10 10 10 10 10 10 10 10 10 10 10 10 10 10 10 10 10 10 10 10 10 10 10 10 10 10 10 10 10 199 199 199 199 199 199
0 0 0 0 0 0 16 16 16 16 16 16 16 16 16 16 16 16 16 16 16 16 16 16 16 52 10 10 10 10 10 10 10 10 10 10 10 10 10 10 10 10 10 10 10 10 10 10 10 10 10 10 10 10 10 10 10 10 10 10 10 10 10 10 10 10 10 10 10 10 10 10 10 10 10 10 10 10 10 10 10 10 10 10 10 10 10 199 199 199 199 199 199 199 199 199
0 0 0 0 0 0 16 16 16 16 16 16 16 16 16 16 16 16 16 16 16 16 16 16 52 52 10 10 10 10 10 10 10 10 10 10 10 10 10 10 10 10 10 10 10 10 10 10 10 10 10 10 10 10 10 10 10 10 10 10 10 10 10 10 10 10 10 10 10 10 10 10 10 10 10 10 10 10 10 10 10 10 10 10 199 199 199 199 199 199 199 199 199 199 199 199
0 0 0 0 0 0 16 16 16 16 16 16 16 16 16 16 16 16 16 16 16 16 16 52 52 10 10 10 10 10 10 10 10 10 10 10 10 10 10 10 10 10 10 10 10 10 10 10 10 10 10 10 10 10 10 10 10 10 10 10 10 10 10 10 10 10 10 10 10 10 10 10 10 10 10 10 10 10 10 10 10 10 10 199 199 199 199 199 199 199 199 199 199 199 199 199
0 0 0 0 0 0 0 16 16 16 16 16 16 16 16 16 16 16 16 16 16 16 52 52 52 10 10 10 10 10 10 10 10 10 10 10 10 10 10 10 10 10 10 10 10 10 10 10 10 10 10 10 10 10 10 10 10 10 10 10 10 10 10 10 10 10 10 10 10 10 10 10 10 10 10 10 10 10 10 10 10 10 10 199 199 199 199 199 199 199 199 199 199 199 199 199
0 0 16 16 0 0 0 16 16 16 16 16 16 16 16 16 16 16 16 16 16 16 52 52 52 52 10 10 10 10 10 10 10 10 10 10 10 10 10 10 10 10 10 10 10 10 10 10 10 10 10 10 10 10 10 10 10 10 10 10 10 10 10 10 10 10 10 10 10 10 10 10 10 10 10 10 10 10 10 10 10 10 10 199 199 199 199 199 199 199 199 199 199 199 199 199
0 0 0 16 16 0 16 16 16 16 16 16 16 16 16 16 16 16 16 16 16 52 52 52 52 52 52 10 10 10 10 10 10 10 10 10 10 10 10 10 10 10 10 10 10 10 10 10 10 10 10 10 10 10 10 10 10 10 10 10 10 10 10 10 10 10 10 10 10 10 10 10 10 10 10 10 10 10 10 10 10 10 199 199 199 199 199 199 199 199 199 199 383 383 383 383
0 0 16 16 16 16 16 16 16 16 16 16 16 16 16 16 16 16 16 16 16 52 52 52 52 52 52 10 10 10 10 10 10 10 10 10 10 10 10 10 10 10 10 10 10 10 10 10 10 10 10 10 10 10 10 10 10 10 10 10 10 10 10 10 10 10 10 10 10 10 10 10 10 10 10 10 10 10 10 10 10 10 10 10 199 383 383 383 383 383 383 383 383 383 383 383
16 16 16 16 16 16 16 16 16 16 16 16 16 16 16 16 16 16 16 16 52 52 52 52 52 52 52 10 10 10 10 10 10 10 10 10 10 10 10 10 10 10 10 10 10 10 10 10 10 10 10 10 10 10 10 10 10 10 10 10 10 10 10 10 10 10 10 10 10 10 10 10 10 10 10 10 10 10 10 10 10 10 10 10 383 383 383 383 383 383 383 383 383 383 383 1
16 16 16 16 16 16 16 16 16 16 16 16 16 16 16 16 16 16 16 52 52 52 52 52 52 52 52 10 10 10 10 10 10 10 10 10 10 10 10 10 10 10 10 10 10 10 10 10 10 10 10 10 10 10 10 10 10 10 10 10 10 10 10 10 10 10 10 10 10 10 10 10 10 10 10 10 10 10 10 10 10 10 10 383 383 383 383 383 383 383 383 383 383 383 383 1
16 16 16 16 16 16 16 16 16 16 16 16 16 16 16 16 16 16 16 52 52 52 52 52 52 52 52 52 10 10 10 10 10 10 10 10 10 10 10 10 10 10 10 10 10 10 10 10 10 10 10 10 10 10 10 10 10 10 10 10 10 10 10 10 10 10 10 10 10 10 10 10 10 10 10 10 10 10 10 10 10 10 10 10 383 630 630 630 630 630 383 383 630 1 383 383
16 16 16 16 16 16 16 16 16 16 16 16 16 16 16 16 16 16 52 52 52 52 52 52 52 52 52 52 52 52 52 10 10 10 10 10 10 10 10 10 10 10 10 10 10 10 10 10 10 10 10 10 10 10 10 10 10 10 10 10 10 10 10 10 10 10 10 10 10 10 10 10 10 10 10 10 10 10 10 10 10 10 10 10 383 630 630 630 630 630 630 630 1675 1 1 383
16 16 16 16 16 16 16 16 16 16 16 16 16 16 16 16 52 52 52 52 52 52 52 52 52 52 52 52 52 52 52 10 10 10 10 10 10 10 10 10 10 10 10 10 10 10 10 10 10 10 10 10 10 10 10 10 10 10 10 10 10 10 10 10 10 10 10 10 10 10 10 10 10 10 10 10 10 10 10 10 10 10 10 10 630 630 630 630 630 630 1675 1675 1675 1 1 1
16 16 16 16 16 16 16 16 16 16 16 16 16 16 16 16 52 52 52 52 52 52 52 52 52 52 52 52 52 52 52 10 10 10 10 10 10 10 10 10 10 10 10 10 10 10 10 10 10 10 10 10 10 10 10 10 10 10 10 10 10 10 10 10 10 10 10 10 10 10 10 10 10 10 10 10 10 10 10 10 10 10 181 181 181 1429 630 630 630 630 1675 1675 4448 6569 1 1
16 16 16 16 16 16 16 16 16 16 16 16 16 16 16 16 52 52 52 52 52 52 52 52 52 52 52 52 52 52 52 10 10 10 10 10 10 10 10 10 10 10 10 10 10 10 10 10 10 10 10 10 10 10 10 10 10 10 10 10 10 10 10 10 10 10 10 10 10 10 10 10 10 10 10 10 10 10 10 10 10 181 181 181 181 1429 1429 1429 2358 2358 2358 4452 4451 1 1 1
16 16 16 16 16 16 16 16 16 16 16 16 16 16 16 16 16 52 52 52 52 52 52 52 52 52 52 52 52 52 52 10 10 10 10 10 10 10 10 10 10 10 10 10 10 10 10 10 10 10 10 10 10 10 10 10 10 10 10 10 10 10 10 10 10 10 10 10 10 10 10 10 10 10 10 10 181 10 181 181 181 181 181 181 181 181 1346 1429 4460 4459 4458 1 1 1 1 1
16 16 16 16 16 16 16 16 16 16 16 16 16 16 16 16 16 16 52 52 52 52 52 52 52 52 52 52 52 52 52 10 10 10 10 10 10 10 10 10 10 10 10 10 10 10 10 10 10 10 10 10 10 10 10 10 10 10 10 10 10 10 10 10 10 10 10 181 181 181 181 181 10 10 10 10 181 181 181 181 181 181 181 181 181 1346 1346 1429 1429 1 1 1 1 1 1 1
16 16 16 16 16 16 16 16 16 16 16 16 16 16 16 16 16 16 52 52 52 52 52 52 52 52 52 52 52 52 10 10 10 10 10 10 10 10 10 10 10 10 10 10 10 10 10 10 10 10 10 10 10 10 10 10 10 10 10 10 10 10 10 10 10 10 10 181 181 181 181 181 181 181 181 181 181 181 181 181 181 181 181 181 1346 1346 1346 1346 1 1 1 1 1 1 1 1
16 16 16 16 16 16 16 16 16 16 16 16 16 16 16 16 52 52 52 52 52 52 52 52 52 52 52 52 52 52 52 10 10 10 10 10 10 10 10 10 10 10 10 10 10 10 10 10 10 10 10 10 10 10 10 10 10 10 10 10 10 10 10 10 10 181 181 181 181 181 181 181 181 181 181 181 181 181 181 181 181 181 181 1620 1620 1346 1 1 1 1 1 1 1 1 1 1
16 16 16 16 16 16 16 16 16 16 16 16 16 16 16 16 16 16 52 52 52 52 52 52 52 52 52 52 52 52 52 10 10 10 10 10 10 10 10 10 10 10 10 10 10 10 10 10 10 10 10 10 10 10 10 10 10 10 10 10 10 10 10 10 181 181 181 181 181 181 181 181 181 181 181 181 181 181 181 181 6582 6581 181 1620 1620 1 1 1 1 1 1 1 1 1 1 1
16 16 16 16 16 16 16 16 16 16 16 16 16 16 16 16 16 52 52 52 52 52 52 52 52 52 52 52 52 52 52 10 10 10 10 10 10 10 10 10 10 10 10 10 10 10 10 10 10 10 10 10 10 10 10 10 10 10 10 10 10 10 10 10 181 181 181 181 181 181 181 181 181 181 181 181 181 181 181 181 1 1 6586 1620 1620 1 1 1 1 1 1 1 1 1 1 1
16 16 16 16 16 16 16 16 16 16 16 16 16 16 16 16 16 16 52 52 52 52 52 52 52 52 52 52 52 52 10 10 10 10 10 10 10 10 10 10 10 10 10 10 10 10 10 10 10 10 10 10 10 10 10 10 10 10 10 10 10 10 10 181 181 181 181 181 181 535 181 181 181 181 1159 1159 1159 3044 3044 1 1 6590 3045 4479 4478 1 1 6589 1483 6588 1 1 1 1 1 1
16 16 16 16 16 16 16 16 16 16 16 16 16 16 16 16 16 16 52 52 52 52 52 52 52 52 52 52 52 52 52 52 10 10 10 10 10 10 10 10 10 10 10 10 10 10 10 10 10 10 10 10 10 10 10 10 10 10 10 10 10 10 181 181 181 181 132 132 535 535 535 181 781 781 1159 1159 1159 4485 1 1 1 3045 4484 1 1 1 6593 1483 1483 4483 1 1 4482 4481 4480 1
16 16 16 16 16 16 16 16 16 16 16 16 16 16 16 16 16 16 52 52 52 52 52 52 52 52 52 52 52 52 52 52 10 10 10 10 10 10 10 10 10 10 10 10 10 10 10 10 10 10 10 10 10 10 10 10 10 10 10 10 10 10 181 181 132 132 132 132 535 535 535 535 781 781 781 1159 1159 4490 1 1 1 1 1 1 1 2630 2630 1483 1483 4489 1 1 3518 3517 3517 1
16 16 16 16 16 16 16 16 16 16 16 16 16 16 16 16 16 52 52 52 52 52 52 52 52 52 52 52 52 52 52 52 52 10 10 10 10 10 10 10 10 10 10 10 10 10 10 10 10 10 10 10 10 10 10 10 10 10 10 10 10 10 132 132 132 132 132 132 535 535 535 535 781 781 781 1282 1159 1159 1 1 1 4499 4498 1347 1 3047 2630 1483 1483 4497 1 6602 3518 3046 3046 6601
16 16 16 16 16 16 16 16 16 16 16 16 16 16 16 16 16 16 52 52 52 52 52 52 52 52 52 52 52 52 52 52 52 10 10 10 10 10 10 10 10 10 10 10 56 10 10 10 10 10 56 10 56 10 10 10 10 10 10 10 10 10 132 132 132 132 535 535 535 535 535 535 781 781 1282 2631 4506 1 1 1 1 4505 1347 1347 2224 2224 3047 3050 4504 1 1 4503 2728 2728 1 3520
16 16 16 16 16 16 16 16 16 16 16 16 16 16 16 16 16 16 16 52 52 52 52 52 52 52 52 52 52 52 52 52 10 10 10 10 10 10 10 10 10 10 10 56 56 56 10 10 10 10 56 56 56 56 56 56 56 10 10 10 10 10 132 132 132 132 1283 535 535 535 535 535 781 1282 1282 2631 2631 1 1 1 1 6610 1347 1347 2224 2224 1783 1783 3050 1 1 6609 2728 758 3521 2362
16 16 16 16 16 16 16 16 16 16 16 16 16 16 16 16 16 16 16 52 52 52 52 52 52 52 52 52 52 52 52 52 10 10 10 10 10 10 10 10 10 10 10 56 56 56 56 56 56 56 56 56 56 56 56 56 56 56 10 10 132 132 132 132 132 132 1283 1283 535 535 535 535 781 1282 1282 3523 3523 1 1 1 4511 2810 1347 1347 1347 1026 1783 4510 1 1 3522 3522 758 758 3521 2362
16 16 16 16 16 16 16 16 16 16 16 16 16 16 16 16 16 16 16 52 52 52 52 52 52 52 52 52 52 52 52 52 10 10 10 10 10 10 10 10 10 10 10 56 56 56 56 56 56 56 56 56 56 56 56 56 56 56 56 132 132 132 132 132 132 132 132 1283 1283 1283 535 535 781 1282 4515 4514 4513 1 1 1 2810 1026 1026 1026 1026 845 1783 1783 1 1645 4512 758 758 758 742 742
16 16 16 16 16 16 16 16 16 16 16 16 16 16 16 16 16 16 52 52 52 52 52 52 52 52 52 52 52 52 52 52 52 10 10 10 10 10 10 10 10 10 56 56 56 56 56 56 56 56 56 56 56 56 56 56 56 56 132 132 132 132 132 132 132 132 132 1228 1228 1283 1283 535 781 1282 1 1 1 1 1 1 4523 1026 1026 1026 845 845 845 845 6620 4522 1645 1645 758 758 1326 742
16 16 16 16 16 16 16 16 16 16 16 16 16 16 16 16 16 16 16 52 52 52 52 52 52 52 52 52 52 52 52 52 52 52 52 52 52 10 10 56 56 56 56 56 56 56 56 56 56 56 56 56 56 56 56 56 56 56 132 132 132 132 132 132 132 555 1228 1228 1228 1228 1228 1 781 781 1 1 1 1 1 1 4528 1026 1026 655 655 845 845 845 845 845 1645 1645 758 758 1326 1326
16 16 16 16 16 16 16 16 16 16 16 16 16 16 16 16 16 16 16 52 52 52 52 52 52 52 52 52 52 52 52 52 52 52 52 52 52 56 56 56 56 56 56 56 56 56 56 56 56 56 56 56 56 56 56 56 56 56 132 132 132 132 132 132 132 555 555 555 1228 1228 4533 1 781 4532 6628 4531 1 3055 3055 1 1026 1026 1898 655 655 655 845 845 845 845 1645 758 758 758 758 1326
16 16 16 16 16 16 16 16 16 16 16 16 16 16 16 16 16 16 16 52 52 52 52 52 52 52 52 52 52 52 52 52 52 52 52 52 52 210 56 56 56 56 56 56 56 56 56 56 56 56 56 56 56 56 56 56 56 56 56 132 132 132 132 132 132 555 555 555 555 1217 1217 1217 1217 1217 1217 1217 1 1 4537 1 1898 1898 1898 655 655 655 845 845 524 524 524 524 758 758 1326 1326
16 16 16 16 16 16 16 16 16 16 16 16 16 16 16 16 16 16 16 16 16 52 52 52 52 52 52 52 52 52 52 52 52 52 52 52 52 52 210 210 56 56 56 56 56 56 56 56 56 56 56 56 56 56 56 56 56 56 56 132 132 132 132 132 555 555 555 555 555 555 1217 1217 1093 1093 1093 1093 1 3527 3527 1 4542 1898 655 655 655 655 524 524 524 524 524 524 758 758 3526 3526
16 16 16 16 16 16 16 16 16 16 16 16 16 16 16 16 16 16 16 16 52 52 52 52 52 52 52 52 52 52 251 52 52 52 251 251 52 210 210 210 210 56 56 56 56 56 56 56 56 56 56 56 56 56 56 56 56 56 56 56 132 132 132 132 132 132 555 555 555 555 1093 1093 1093 1093 1093 1093 1093 6641 4546 1 1 6640 655 655 655 655 524 524 524 524 524 524 2106 2106 3531 3531
16 16 16 16 16 16 16 16 16 16 16 16 16 16 16 16 16 16 16 16 16 52 16 52 52 52 52 52 251 251 251 251 251 251 251 251 210 210 210 210 210 56 56 56 56 56 56 56 56 56 56 56 56 56 56 56 56 56 56 56 56 56 132 132 132 132 555 555 555 555 1391 1391 1391 1391 1391 1391 1391 1 6648 1 1 1 3534 3534 655 655 524 524 524 524 524 524 524 2106 3060 3060
16 16 16 16 16 16 16 16 16 16 16 16 16 16 16 16 16 16 16 16 16 16 16 16 52 52 52 52 251 251 251 251 251 251 251 251 210 210 210 210 210 210 56 56 56 56 56 56 56 56 56 56 56 56 56 56 56 56 56 56 56 56 132 132 132 132 132 904 907 555 555 555 555 3066 4563 4562 6653 1 1 1 4561 1709 1709 655 655 655 524 1077 524 524 524 524 1 4560 2106 4559
16 16 16 16 16 16 16 16 16 16 16 16 16 16 16 16 16 16 16 16 16 16 16 52 52 52 52 52 251 251 251 251 251 251 251 251 210 210 210 210 210 210 210 56 56 56 56 56 56 56 56 56 56 56 56 56 56 56 56 56 56 56 132 132 132 132 904 904 907 907 907 907 555 555 3066 1 1 1 1 3538 1709 1709 833 833 655 1456 1456 1077 1077 1077 524 6661 1 6660 1 1
16 16 16 16 16 16 16 16 16 16 16 16 16 16 16 16 16 16 16 16 16 16 16 52 52 52 52 52 52 251 251 251 251 251 251 251 210 210 210 210 210 210 210 56 56 56 56 56 56 56 56 56 56 56 56 56 56 56 56 56 56 56 132 132 132 904 904 904 904 907 907 907 907 6670 1 1 1 1 6669 3538 1709 1709 833 833 833 1456 1456 1077 1077 524 524 4570 3539 2634 6668 6667
16 16 16 16 16 16 16 16 16 16 16 16 16 16 16 16 16 16 16 16 16 16 16 16 52 52 52 52 52 251 251 251 251 251 251 251 210 210 210 210 210 210 210 210 210 210 56 56 56 56 56 56 56 56 56 56 56 56 56 56 56 132 132 132 132 132 904 904 904 904 907 907 907 907 1 1 1 1 3540 3540 833 833 833 833 1456 1456 1077 1077 1077 1077 2729 2729 3539 2634 2634 2474
16 16 16 16 16 16 16 16 16 16 16 16 16 16 16 16 16 16 16 16 16 16 16 16 52 52 52 52 52 251 251 251 251 251 251 251 251 210 210 210 210 210 210 210 210 210 752 56 56 56 56 56 56 56 56 56 56 56 56 56 56 132 132 132 132 132 1547 1547 1547 904 904 904 907 1 1 1 1 6679 4583 833 833 833 833 833 4582 1456 4581 1077 4580 4579 4578 2729 4577 4576 6678 4575
16 16 16 16 16 16 16 16 16 16 16 16 16 125 16 16 16 16 16 16 16 16 16 52 52 52 52 52 52 251 251 251 251 251 251 251 210 210 210 210 210 210 210 210 210 752 56 56 56 56 56 56 56 56 56 56 56 56 56 56 56 132 132 132 132 132 1291 1291 1291 1547 1547 1547 1 1 1 1 1 1 6688 4591 833 833 2635 3071 6687 1 1 1 1 1 1 1 1 1 1 4590
16 16 16 16 16 16 16 16 16 16 16 16 125 125 16 16 16 16 16 16 16 16 16 52 52 52 52 52 52 52 698 251 251 251 251 251 251 251 210 210 210 210 210 210 752 752 56 56 56 56 56 56 56 56 56 56 56 56 56 56 56 132 132 132 132 132 132 1291 1291 1291 1291 1291 1 1 1 1 1 1 4601 6692 1 2635 2635 4600 3071 1 1 1 1 1 1 1 1 1 1 1
16 16 16 16 16 16 16 16 16 16 16 16 125 125 125 125 16 16 16 16 16 16 16 52 52 52 52 52 52 698 698 698 251 251 251 251 251 251 210 210 210 210 210 210 752 752 752 56 56 56 56 56 56 56 56 56 56 56 56 56 56 56 132 132 132 132 858 858 858 858 858 858 858 1 1 1 1 1 1 1 1 4606 6694 1 1 1 1 1 1 1 1 1 1 1 1 1
16 16 16 16 16 16 16 16 16 16 16 125 125 125 125 125 125 125 16 16 16 16 16 52 52 52 52 52 52 698 698 698 251 251 251 828 828 828 210 210 210 210 210 210 752 752 538 56 56 56 56 56 56 56 56 56 56 56 56 56 56 56 132 132 132 132 858 858 858 858 858 6701 1 1 1 1 6700 1 1 1 4609 4608 6699 1 1 1 1 1 1 1 1 1 1 1 1 1
16 16 16 16 16 16 16 16 138 16 125 125 125 125 125 125 125 125 125 16 125 16 16 52 52 52 52 52 52 698 698 698 698 251 828 828 828 828 210 210 210 210 210 752 752 538 538 538 56 56 56 56 56 56 56 56 56 56 56 56 132 132 132 132 132 858 858 858 2016 2016 2016 2016 1 1 1 1 1 1 1 1 1 1 1 1 1 1 1 1 1 1 1 1 1 6704 4612 1
16 16 16 16 16 16 16 138 138 125 125 125 125 125 125 125 125 125 125 125 125 16 16 52 52 52 52 52 52 698 698 698 698 251 828 828 828 210 210 210 210 210 752 752 538 538 538 538 538 520 520 56 56 56 56 56 56 56 56 56 56 132 132 132 132 536 536 536 536 536 3546 3546 1 1 1 1 1 4616 1 1 1 1 1 1 1 1 1 1 1 1 1 4615 4614 4613 1 1
16 16 16 16 16 16 16 138 138 125 125 125 125 125 125 125 125 125 125 125 125 16 16 52 52 52 52 52 52 1744 698 698 251 251 828 828 828 210 210 210 210 210 752 538 538 538 538 538 538 520 520 520 56 56 56 56 56 56 56 56 56 132 132 132 536 536 536 536 536 536 536 536 4620 4619 1 1 6712 6711 1 1 1 1 1 1 1 1 1 1 1 1 3074 4618 3547 3547 1 1
16 16 16 16 16 16 16 138 138 125 125 125 125 125 125 125 125 125 125 125 125 16 16 52 52 52 52 52 52 1744 1744 698 251 251 828 828 2477 2476 210 210 210 2282 752 538 538 538 538 538 538 520 520 520 56 56 56 56 56 56 56 56 132 132 132 132 132 536 536 536 536 536 536 536 536 2225 2225 4632 4631 4630 2045 4629 1 1 1 1 1 1 1 4628 4627 6716 4626 3074 3076 3076 4625 3549
16 16 16 16 16 16 138 138 138 125 125 125 125 125 125 125 125 125 125 125 125 16 16 16 16 1030 1030 52 52 52 1744 698 698 251 828 6725 2477 2476 3079 210 210 2282 752 538 538 538 538 520 520 520 520 520 56 56 56 56 56 56 56 56 132 132 132 132 132 132 536 536 536 536 536 536 2225 2225 1 3553 3553 2045 2045 6724 1 1 1 1 1 1 1 4637 2366 2366 2366 1884 1884 1884 3558 3549
16 16 16 16 16 16 138 138 138 125 125 125 125 125 125 125 125 125 125 125 125 16 16 16 1030 1030 1030 52 52 52 52 1744 4644 1 1 1 2477 2476 3079 210 2282 752 2478 538 538 538 520 520 520 520 520 520 56 56 56 56 56 56 56 56 132 132 132 132 132 132 132 132 536 536 6737 536 6736 1 6735 4643 3559 2045 6734 1 1 1 1 1 1 1 1 1 2475 2475 2475 2813 1884 1884 3558 4642
16 16 16 16 16 16 138 138 138 125 125 125 125 125 125 125 125 125 125 125 125 125 16 16 1030 1030 1030 1914 1914 52 52 52 1 1 1 1 1 1 1 1 4653 752 2478 538 2554 2554 2283 520 520 520 520 520 56 56 56 56 56 56 56 56 56 132 132 132 132 132 132 132 1 1 1 1 1 1 1 4652 3559 4651 1 1 1 1 1 1 1 1 1 1 6749 4650 3560 3083 2813 6748 1 6747
16 16 16 16 138 138 138 138 138 125 125 125 125 125 125 125 125 125 125 125 125 125 16 16 16 1030 1030 1914 1914 52 3561 3561 1 1 1 1 1 1 1 1 1 1 2478 538 2554 2283 2814 520 520 520 1745 520 1387 56 56 56 56 56 56 56 132 132 132 132 132 132 132 132 449 449 4666 4665 1 1 1 4664 1 1 1 1 6760 4663 6759 1 4662 6758 1 1 1 6757 3560 4661 3083 1 1 1
101 16 16 16 138 138 138 138 138 138 125 125 125 125 125 125 125 125 125 125 125 125 125 16 16 3565 3564 1030 1914 6763 4669 6762 1 1 1 1 1 1 1 1 1 1 1 1 2283 2814 520 520 2555 1745 1745 1637 1387 56 56 56 56 56 56 56 56 56 56 56 56 449 449 449 449 449 3562 3562 1 1 1 1 1 1 1 3085 3085 3084 3084 2165 2165 2165 1 6761 1 1 1 1 1 1 1 1
101 101 16 138 138 138 138 138 138 138 125 125 125 125 125 125 125 125 125 125 125 125 125 16 16 3565 3564 1030 6772 1 1 1 1 1 1 1 1 1 1 1 1 1 1 1 1 520 4683 2555 2555 1745 2260 1637 1387 56 56 56 56 56 56 56 56 56 56 56 449 449 449 449 449 449 785 3087 3087 1 1 4682 1 1 1 2166 2166 1410 1410 1410 2165 1817 1817 3089 6771 4681 4680 1 6770 4679 4678 4677
101 101 101 138 138 138 138 138 138 138 138 138 138 125 125 125 125 125 125 125 125 125 125 125 1 1 1 1 1 1 1 1 1 1 1 1 1 1 1 1 1 1 1 1 1 1 1 4690 1745 2260 1637 1637 1387 56 56 56 56 56 56 56 56 56 56 56 449 449 449 449 449 449 785 785 785 785 785 1 6784 1327 6783 2166 2166 1410 1410 2370 3567 1817 1817 3089 1 4689 6782 2167 2167 2167 2167 6781
101 101 188 188 138 138 138 138 138 138 138 138 138 125 125 125 125 125 125 125 125 1498 1498 1498 1498 1 1 1 1 1 1 1 1 1 1 1 1 1 1 1 1 1 1 1 1 1 1 1 2260 1637 1637 1387 56 56 56 56 56 56 56 56 56 56 56 56 959 449 449 449 449 449 837 785 785 785 785 6794 1327 1327 1327 3569 1410 3093 3092 2370 3567 6793 1817 1 1 1 1 4701 1 3566 3566 4700
259 259 188 188 188 138 138 138 138 138 138 138 138 138 125 125 125 125 125 125 1230 1498 1498 1498 2285 1 1 1 1 1 1 1 1 1 1 1 1 1 1 1 1 1 1 1 1 1 1 1 1 1387 1387 56 56 56 56 56 56 56 56 56 56 56 56 959 959 449 449 449 449 837 837 837 785 785 785 785 1327 1327 6803 3569 1410 3093 3092 2370 1 1 1 1 1 1 1 1 6802 2109 2109 1581
259 259 188 188 188 138 138 138 138 138 138 138 138 138 138 138 125 125 125 125 125 1230 2285 2285 4719 1 1 1 1 1 1 1 1 1 1 1 1 1 1 1 1 1 1 1 1 1 1 1 1 4718 4717 56 56 56 56 56 642 642 56 56 56 56 959 959 449 449 449 449 837 837 837 837 837 785 785 785 1327 1327 1 1 1 6808 1 1 1 1 1 1 1 1 1 1 4716 2109 2109 2227
259 259 259 259 188 188 188 138 138 138 138 138 138 138 138 138 125 125 138 125 125 1230 1230 1230 4729 1 1 1 1 1 1 1 1 1 1 1 1 1 1 1 1 1 1 1 1 1 1 1 1 1 4728 6819 56 2819 2818 642 642 642 642 642 642 959 959 959 449 449 449 837 837 837 837 837 2637 2637 3575 3574 6818 4727 4726 1 1 1 1 1 1 1 1 1 1 1 1 1 1 1 4725 2227
259 259 259 259 188 188 188 188 188 138 138 138 138 138 138 138 125 125 138 138 1230 1230 1230 1230 4738 1 1 1 1 1 1 1 1 1 1 1 1 1 1 1 1 1 1 1 1 1 1 1 1 1 1 1 2819 2818 4737 642 642 642 642 642 642 3576 959 959 959 449 449 449 865 865 865 837 837 2637 3575 3574 1 1 1 1 1 1 1 1 1 1 1 1 1 1 1 1 1 1 1 1
