Arctic_Drainage_2/veg_topo/g_mean.asc
NCOLS         721
NROWS         721
XLLCENTER  -9024309
YLLCENTER  -9024309
CELLSIZE  25067.525
NODATA_value  -9999
[rows 660 to 692 of 721, columns 370 to 443 of 721]
462.19 468.73 478.9 464.75 451.67 449.96 459.29 450.82 437.36 422.4 414.32 409.56 408.5 408.38 408.7 406.02 404.59 398.35 399.06 402.56 400.81 404.11 399.3 409.16 434.19 445.34 449.31 450.93 447.72 444.6 451.15 465.3 484.36 517.24 556.63 568.47 558.03 552.03 553.52 544.99 547.73 522.97 492.88 471.61 452.17 437.31 445.29 431.78 419.52 425.27 540.44 477.7 423.29 383.06 359.93 335.1 329.91 333.77 344.53 347.46 348.17 352.92 357.38 360.95 362.92 361.01 350.48 353.06 358.51 362.74 361.96 363.92 352.52 337.45
461.66 461.17 486.63 501.59 475.1 479.26 469.62 460.78 438.89 420.78 407.95 396.81 390.36 388.73 384.28 378.84 374.87 374.31 379.37 384.85 383.51 390.67 415.44 436.66 450.61 456.12 456.84 456.63 453.99 451.65 453.88 455.65 455.68 467.9 492.26 514.15 517.79 513.22 508.83 503.77 497.29 499.52 485.88 464.34 444.22 418.63 402.7 404.24 409.36 403.8 401.62 384.71 349.79 319.19 321 309.01 304.67 310.5 325.45 336.58 340.15 342.68 343.89 339.67 335.13 328.77 333.13 337.71 339.58 345.48 346.72 348.8 335.37 324.89
479.29 465.77 474.24 500.6 506.67 486.88 461.87 439.55 418.23 401.35 389.01 378.8 371.13 364.19 356.98 350.29 343.02 348.45 359.4 371.4 392.56 414.74 432.13 438.18 453.33 456.43 454.15 455.33 457.15 456.17 456.09 457.85 463.78 473.2 483.24 493.05 492.94 487.01 475.81 474.32 462.8 461.53 457.47 450.86 420.61 405.3 391.08 375.47 363.69 351.15 339.5 324.64 313.78 305 299.97 296.25 299.35 306.32 343.15 342.04 344.5 334.68 319.07 309.97 307.68 304.34 306.4 311.41 319.14 329.18 335.22 335.02 326.6 319.83
469.6 447.48 435.96 443.7 433.11 421.85 395.59 382.23 361.41 351.63 360.77 357.23 343.91 334.38 322.71 321.6 339.91 361.82 384.17 394.41 405.56 429.65 454.17 447.05 451.84 440.2 443.88 450.5 454.75 455.33 455.24 456.19 459.52 467.01 473.3 472.82 474.88 471.8 464.73 457.7 456.31 458.15 455.38 433.71 448.64 457.94 434.76 409.71 390.55 373.08 364.76 342.84 351.25 333.62 316.26 313.92 307.03 305.6 300.89 300.57 324.29 314.85 289.47 283.34 284.94 283.97 285.24 294.41 301.11 309.81 317.23 312.37 313.98 306.73
415.18 378.2 360.3 363.78 377.21 375.87 356.43 331.59 307.83 311.89 322.72 319.15 308.43 300.21 308.92 340.54 360.34 366.76 379.38 405.11 420.51 433.55 454.05 459.57 450.72 441.57 444.55 446.61 450.87 455.38 456.52 456.46 456.61 460.49 463.93 467.01 464.38 462.66 463.55 458.33 455.18 449.06 452.43 478.42 500.92 489.63 479.21 474.8 456.77 433.69 418.04 399.66 397.9 357.07 332.77 337.86 339.38 330.98 316.31 302.61 316.7 292.47 282.89 282.07 279.35 277.52 276.19 281.22 289.67 291.77 290.6 286.94 287.56 286.04
369.69 335.26 314.67 321.76 319.09 320.12 321.76 309.29 282.15 303.4 306.6 292.21 288.46 299.43 308.95 339.64 382.03 373.9 401.66 414.89 430.86 437.49 454.8 456.33 444.13 440.21 455.17 461.13 451 450.12 452.15 456.3 455.4 459.46 460.58 458.08 456.83 470.51 478 455.36 453.97 463.81 492.95 521.83 540.09 555.96 555.08 531.81 505.42 477.49 464.04 452.42 432.13 396.58 368.16 369.93 362.21 345.11 321.48 301.59 289.05 280.13 275.28 276.53 276.34 276.78 275.5 281.18 282.31 279.46 279.52 279.83 280.63 281.53
367.29 362.07 314.75 304.24 305.05 307.48 300.5 300.61 258.92 286.07 276.75 277.24 305.96 314.83 321.56 346.13 360.78 392.59 471.73 491.21 499.74 505.77 483.13 456.61 463.55 467.47 447.51 445.8 435.69 441.05 446.05 453.01 447.15 450.3 448.05 458.56 460.27 492.91 507.6 454.43 457.04 470.19 503.85 551.78 580.18 582.32 561.67 526.2 476.53 448.89 444.84 419.36 401.53 386.05 361.19 336.3 327.55 330.09 324.08 308.18 292.53 281.64 279.12 277.72 276.74 276.37 275.12 275.57 276.3 276.45 276.65 279.08 281.19 282.66
326.86 325.19 317.57 304.63 304.4 303.32 290.75 291.33 251.35 266.05 274.29 281.27 296.78 317.34 332.45 341.33 339.16 381.05 447.55 439.93 481.71 447.62 442.26 500.1 495.25 486.02 446.02 420.23 428.14 437.13 440.56 442.56 439.21 434.74 435.73 444.4 467.15 472.79 459.34 450.47 459.61 469.56 490.33 521.19 550.66 541.9 501.91 455.74 422.53 380.92 363.36 337.78 331.63 329.33 330.28 300.17 290.65 296.77 301.18 296.08 286.36 291.5 288.3 287.16 284.95 280.52 276.54 276 277.07 278.53 283.47 283.69 285.79 288.18
306.37 316.26 317.89 305.31 297.1 292.03 281.43 260.76 244.4 241.42 259.89 267.03 271.79 293.96 306.93 327 334.32 346.85 393.37 412.29 445.68 472.62 499.69 572.15 509.75 428.99 407.15 399.36 396.03 400.77 416.83 425.58 427.88 424.93 427.52 440.56 447.11 456.98 466.23 469.78 467.16 451.09 439.72 441.16 456.45 474.48 434.33 379.87 356.69 344.81 329.41 347.48 374.87 387.2 340.93 298.43 285.03 282.2 285.02 287.17 293.92 297.82 293.47 289.8 286.29 278.48 277.59 276.41 281.1 286.15 288.21 290.41 291.26 295.19
309.55 298.98 302.3 295.14 276.89 260.43 289.62 254.56 240.68 234.04 251 254.7 267.26 287.17 298.35 294.38 324.33 349.03 350.1 376.21 422.27 462.18 502.04 466.89 392.36 365.72 387.27 411.4 421.21 426.04 438.22 451.42 454.11 449.03 423.24 428.48 447.08 451.75 460.48 459.11 461.38 453.1 432.98 408.07 381.76 409.34 396.36 358.38 347.96 338.39 328.8 329.71 330.79 326.68 313.17 298.92 287.65 286.6 286.66 289.51 293.52 296.25 295.04 290.22 286.29 280.05 279.55 281.11 283.48 290.02 293.62 290.39 290.7 285.36
283.02 255.69 254.35 288.79 262.09 248.9 268.6 273.02 231.61 237.51 244.87 256.34 265.62 275.55 280.21 294.28 299.27 298.25 309.24 330.24 396.07 453.89 470.03 386.16 350.34 394.1 396.23 379.03 381.78 397.01 406.51 402.16 399.72 406 406.07 422.72 441.03 462.44 457.77 436.93 412.05 437.46 421.23 384.42 369.16 367.71 363.78 351.09 340.31 333.89 326.47 308.34 300.28 298.42 295.28 290.66 288.84 289.36 293 296.08 300.36 297.57 291.73 290.87 284.79 287.52 291.48 291.02 288.76 287.34 288.38 288.68 293.57 291.32
252.92 247.18 249.42 271.07 259.39 242.66 277.24 255.61 233.77 238.15 253.45 261.26 276.08 275.04 270.56 270.02 279.48 293.2 299.36 296.52 367.44 375.18 377.78 336.98 360 346.46 350.92 358.28 369.92 364.86 377.18 400.23 416.79 404.79 408.03 437.39 436.84 429.64 417.03 407.26 387.35 393.97 369.31 357.27 349.74 350.59 347.59 345.25 331.8 316.02 311.25 303.97 299.51 299.11 294.86 291.62 294.36 302.56 311.35 321.83 329.12 316.26 301.95 296.63 294.29 293.97 293.23 292.47 293.24 296.27 295.76 292.78 290.55 290.16
255.92 241.28 238.18 258.04 251.68 254.76 263.27 251.11 220.99 242.28 261.9 260.85 256.38 272.36 272.51 284.52 288.61 292.42 296.46 286.17 316.38 348.74 326.01 306.8 306.6 318.73 335.09 346.19 356.01 388.3 413.46 430.12 447.62 436.42 417.07 442.4 458.28 446.78 420.82 402.87 377.63 366.44 356.85 348.98 345.58 347.22 338.95 324.42 310.57 310.59 318.92 318.65 304.68 303.64 302.88 313.44 340 350.13 364.37 365.33 348.76 324.96 309.94 304.19 301.65 301.64 300.49 301.61 296.68 299.06 300.5 297.6 296.39 298.07
246.97 239.67 236.41 246.79 242.38 251.16 218.23 224.71 234.74 232.92 241.52 238.03 231.21 271.75 268.33 303.43 349.52 408.3 301.08 282.46 323.28 315.6 295.37 300.82 320.89 318.4 347.42 377.14 405.79 388.33 411.76 449.34 460.25 467.74 477.92 459.73 474.85 455.31 409.05 381.58 368.79 360.55 354.76 353.48 352.38 347.81 334.92 327.18 332.46 357.87 351.91 326.46 322.78 341.96 380.68 401.93 411.49 407.92 397.94 381.69 368.89 356.78 339.13 335.07 332.66 329.08 335.95 363.82 348.43 358.48 323.29 314.28 314.23 308.87
224.45 229.38 219.76 246.62 242.01 238.84 203.05 238.05 233.26 238.04 236.81 242.98 228.32 231.76 268.92 301.81 310.85 316.5 281.45 273.42 287.29 279.58 299.53 301.72 326.22 335.49 345.12 389.93 447.37 448.79 442.84 454.39 459.07 461.3 489.7 486.65 466.52 427.68 392.44 378.27 373.15 367.25 362.36 359.82 357.85 357.92 347.29 345.46 380.03 374.12 341.83 375.13 439.72 457 460.63 454.11 454.98 445.08 436.17 420.96 405.39 384.04 362.54 350.55 354.3 370.42 405.31 704.51 528.37 611.2 440.34 358.51 334.29 326.4
229.92 241.64 216.82 206.32 234.61 226.47 192.37 232.27 233.66 235.45 232.91 232.93 227.38 237.94 253.16 314.01 286.87 296.95 280 272.12 272.63 261.07 265.86 295.25 322.28 370.29 376.7 407.83 435.74 529.09 553.38 536.87 546.74 550.8 528.49 503.87 472.75 444.08 419.14 400.6 383 378.02 376.18 373.23 371.96 372.05 369.62 379.64 392.8 375.12 379.77 450.49 483.21 491.02 472.11 451.13 455.87 458.84 456.22 447.77 439.52 415.4 378.35 403.94 410.25 419.42 635.78 851.41 674.23 536.31 430.32 383.47 374.05 344.79
225.44 225.41 225.5 205.2 238.46 228.32 196.18 219.57 231.63 230.68 228.56 228.15 231.99 274.96 282.72 255.97 254.29 283.95 285.07 284.75 284.37 293.87 292.56 297.15 324.38 383.34 427.86 414.94 448.57 470.48 537.67 599.65 588.5 601.82 597.61 525.95 495.71 468.37 446.76 419.98 404.49 398.86 398.46 397.42 385.74 392.09 414.21 423.93 404.75 391.91 453.29 458.02 489.26 475.82 403.29 377.85 428.44 519.72 486.49 448.12 426.19 392.26 426.32 486.97 493.44 572.1 863.9 813.46 575.71 467.62 439.41 407.45 382.83 383.47
242.57 243.37 247.3 231.35 224.25 236.85 200.9 232.46 228.23 224.09 227.44 228.17 229.69 237.24 227.03 280.48 304.03 300.99 294.83 293.16 287.86 288.33 298.65 333.07 371.64 411.48 424.62 442.44 485.6 481.29 531.65 592.85 600.07 614.46 602.11 523.86 481.98 446.55 436.16 428.59 434.13 433.57 433.61 417.12 413.68 411.47 447.44 448.76 432.2 417.03 439 396.74 405.45 376.1 321.68 311.21 377.31 513.21 641.78 496.23 457.96 424.17 620.29 627.51 551.42 651.83 829.95 674.86 508.62 393.07 418.28 325.05 323.27 348.1
283.67 283.91 274.02 240.82 241.72 219.2 176.24 200.87 227.97 215.01 218.27 227.56 212.63 234.61 241.36 253.86 271.08 281.95 277.46 275.44 280.91 292.3 304.89 337.47 372.09 429.95 459.33 514.89 547.5 576.14 580.89 595.37 618.97 599.15 551.87 534.23 529.36 489.96 524.14 543.37 509.78 476.61 472.19 469.45 458.53 462.63 514.86 490.49 458.83 433.78 395.22 504.18 501.49 419.18 285.12 281.51 321.4 527.64 638.91 439.18 436.37 633.18 747.91 692.82 551.69 738.36 617.5 487.95 408.07 318.45 305.84 305.92 310.97 347.35
292.54 294.06 288.89 260.73 283.17 259.18 233.46 196.86 185.26 218.63 205 228.32 218.53 205.8 232.86 269.12 299.98 287.82 287.02 282.49 284.84 301.62 309.46 370.42 473.15 489.81 518.17 572.43 612.09 607.06 615.03 615.43 615.01 612.22 626.91 634.57 601.12 572.5 563.35 582.13 637.8 705.02 645.48 614.67 489.33 533.77 525.28 496.01 480.87 414.57 437.52 416.74 451.78 374.69 279.51 266.13 257.97 360.11 354.4 427.37 646 608.07 480.72 459.65 581.95 382.74 388.99 355.94 279.76 266.52 318.91 360.16 321.69 393.83
299.77 303.71 302.73 289.34 290.39 261.58 240.51 218.36 195.89 190.37 172.12 190.82 221.41 196.94 210.37 219.26 230.8 267.21 272.37 309.77 299.31 318.94 408.99 501.54 591.44 595.49 600.04 554.47 572.85 612.63 626.48 614.19 624.02 675.02 619.05 650.78 662.94 686.09 685.56 663.74 716.06 750.78 646.32 566.6 528.37 554.18 556.37 493.94 455.61 482.04 398.39 403.97 428.89 440.83 321.2 271.09 298.81 321.37 215.33 345.77 425.14 298.12 234.88 235.22 231.41 257.99 253.86 227.21 204.54 276.84 270.41 285.16 322.05 353.37
271.12 273.17 296.1 285.8 301.65 294.05 255.67 257.11 246.46 233.93 223.99 193.25 178.85 163.67 170.03 201.65 215.1 248.19 275.85 313.63 306.45 344.5 375.48 488.57 545.28 502.71 490.95 497.95 573.37 622.9 633.5 613.24 628.22 647.3 616.62 635.47 642.93 648.88 730.69 799.89 825.47 915.18 741.48 634.43 652.83 633.28 579.52 463.08 460.32 451.41 333.63 357.52 492.44 475.39 564.66 445 507.53 353.73 187.25 175.37 182.7 202.28 260.02 185.77 186.85 216.92 249.16 263.13 223.08 211.06 210.13 235.94 307.18 360.63
249.57 278.07 297.03 297.43 303.46 271.43 253.67 281.65 257.48 271.57 252.44 221.06 228.34 236.32 184.06 165.77 142.81 199.03 234.93 281.45 289.58 313.83 394.04 417.53 437.89 414.56 446.33 475.83 566.46 611.4 625.42 591.48 607.78 625.43 627.04 630.48 607.32 674.56 725.98 790.23 902.84 880.85 881.33 728.37 735.08 579.74 490.59 586.92 558.19 402.96 295.25 317.49 408.81 494.35 560.02 356.41 202.87 199.46 230.99 235.47 228.44 351.03 358.02 422.98 276.23 363.31 341.3 300.43 287.04 323.48 293.87 392.2 345.82 357.27
349.18 365.44 302.95 302.66 282.07 299.43 303.49 286.97 264.08 296.8 290.8 267.24 266.56 282.22 214.9 188.52 179.36 151.18 210.63 248.06 275.03 319.61 372.65 375.33 350.24 341.63 373.5 446.71 469.54 505.81 565.36 581.95 599.93 619.03 676.15 707.64 669.24 694.62 785.51 908.69 1149.28 1187.47 1082.63 953.54 765.17 522.13 489.31 585.31 504.55 372.86 258.48 333.8 372.05 280.08 220.41 258.02 372.69 517.66 497.26 383.1 332.78 446.86 772.69 777.67 308.31 443.49 637.09 593.06 460.52 410.74 382.28 466.98 660.81 827.1
425.04 344.74 311.33 303.01 292.59 314.49 305.31 289.47 275.76 286.99 300.03 304.06 306.88 275.53 206.04 140.8 99.69 184.62 267.52 297.83 310.24 301.29 281.86 270.78 239.66 274.83 308.11 313.57 329.2 396.84 443.33 509.78 540.92 642.12 728.55 754.91 756.3 774.17 817.49 981.21 1203.4 1237.23 1071.04 1152.19 1036.51 553.58 402.93 399.67 406.61 319.46 266.6 262.76 225.72 168.67 253.43 364.96 553.17 785.35 721.51 523.86 467.88 508.17 445.48 326.91 318.88 401.51 533.67 546.15 562.89 478.08 622.41 1058.31 1157.38 886.97
417.84 356.04 317.77 307.21 310.05 329.74 306.33 302.34 300.78 345.02 343.08 303.41 298.86 276.22 225.12 166.37 97.8 202.13 269.65 271.81 295.23 299.35 238.87 195.6 186.51 225.64 232.79 241.85 299.99 373.9 442.3 503.78 543.06 601.85 649 719.53 736.94 686.64 701.01 696.88 1152.78 1340.38 1240.11 1001.16 729.92 711.45 408.64 258.68 249.42 233.63 229.48 209.78 136.78 187.44 274.21 310.07 461.25 686.49 1094.32 877.34 636.98 450.71 442.91 435.47 485.74 474.19 462.05 592.57 764.4 835.25 974.29 1008.44 959.98 1047.07
393.28 372.26 338.51 325.87 339.55 394.56 354.4 344.78 345.78 360.41 316.11 298.21 276.66 270.69 246.1 196.41 114.9 170.62 244.94 247.64 289.51 306.66 286.83 229.81 135.44 145.12 220.67 254.59 290.18 351.62 445.13 483.26 560.52 676.48 675.83 649.9 572.79 494.46 513.96 559.48 721.44 758.55 447.04 328.37 305.03 287.04 264.43 231.78 224.82 156.07 145.3 167.71 173.83 196.92 313.8 429.07 493.55 739.56 935.6 771.88 505.63 463 636.35 754.91 1111.04 914.54 757.43 840.62 1123.41 1159.4 1128.93 1291.02 1381.62 1427.45
391.72 349.08 320.17 317.26 313.72 353.33 390.09 418.41 445.96 445.43 337.67 296.98 300.32 302.97 254.23 212.58 118.88 112.14 131.24 148.62 160.07 218.76 216.13 181.59 142.52 141.08 144.38 173.36 261.89 304.02 258.17 342.27 456.75 595.16 495.89 426.46 402.54 378.8 398.79 368.93 283.34 249.72 234.18 220.61 222.21 233.4 225.2 169.06 132.27 173.59 258.76 219.83 184.96 244.83 345.76 445.51 442.14 436.65 442.4 620.4 698.15 701.94 656.54 876.62 1232.95 1041.5 918.18 1060.93 1083.2 1149.1 1200.92 1206.74 1191.6 1080.53
380.81 331.72 312.04 302.73 303.6 339.8 352.09 398.71 432.7 433.33 352.39 312.37 307.43 306.7 268.23 230.23 148.62 91.26 82.68 81.73 92.72 145.72 223.67 176.23 136.48 136.08 170.26 154.34 176.79 179.09 171.79 278.28 334.84 417.13 382.88 326.41 306.49 287.63 267.22 274.4 275.66 261.75 227.17 224.21 199.06 175.53 136.74 125.64 135 158.84 180.01 204.05 327.88 317.27 303.32 479.77 470.56 493.34 828.27 984.17 970.02 1350.33 1313.72 1168.83 1073.53 1041.29 1064.25 1022.94 958.7 1017.5 937.1 913.64 949.84 967.07
332.93 321.13 316.2 298.72 300.31 311.07 311.74 350.77 429.78 418.69 356.72 324.99 344.43 317.99 305.22 277.44 230.15 186.38 170.58 170.4 121.95 106.46 98.3 95.94 91.08 91.08 91.03 133.18 159.74 166.15 172.49 240.41 304.13 308.4 290.01 337.72 322.33 263.94 379.82 411.39 329.13 236.7 208.42 167.73 128.45 132.11 144.25 152.29 147.44 171.95 187.45 271.46 545.88 726.27 705.83 616.52 403.17 562.95 1036.36 1369.25 1496.07 1442.71 1192.08 1008.16 957.51 1117.81 1144.66 938.18 900.88 902.31 916.09 915.87 930.84 962.65
329.08 303.72 291.31 275.62 295.14 304.48 301.98 348.79 399.71 407.14 435.95 420.64 431.94 409.16 364.11 304.58 286.55 291.8 269.04 228.05 226.9 201.34 226.54 180.21 165.24 172.51 158.58 118.15 114.52 141.81 169.61 259.63 268.62 237.91 219.09 213.94 200.75 220.6 280.95 236.22 153.34 138.69 128.22 141.97 174.88 150.73 165.45 179.49 179.07 184.24 249.83 263.33 466.22 625.15 1029.58 1132.66 801.2 1166.48 1370.19 1262.74 1099.43 1047.45 933.29 900.86 876.94 874.35 853.38 895.87 926.01 889.7 902.97 889.42 899.66 912.97
302.36 289.89 266.13 238.34 231.35 292.32 280.94 307.48 316.52 381.97 407.37 355.1 337.77 387.64 326.81 306.77 303.33 318.66 344.15 379.08 353.12 285.96 286.83 252.86 280.57 351.55 338.13 270.67 193.5 152.38 163.3 182.74 158.95 142.31 146.83 124.84 123.01 122.11 120.47 119.37 143.63 140.87 148.53 161.14 144.73 154.01 193.85 230.74 286.17 286.57 415.02 352.2 319.95 347.87 937.01 1442.27 1486.82 1501.57 1365.13 1151.92 1031.46 918.69 938.45 896.5 844.43 809.12 831.08 839.06 821.18 816.23 793.63 817.05 857.15 791.46
261.09 252.84 224.06 171.44 175.53 227.41 215.42 269.67 317.11 300.78 312.81 314.65 291.72 310.22 305.48 347.25 380.07 421.77 454.42 527.88 482.22 432.73 388.96 413.17 438.58 464.83 408.28 256.87 180.53 152.03 192.55 222.62 175.6 157 150.26 150.32 149.89 160.33 149.97 146.22 155.02 146.39 165.04 175.87 155.38 183.53 220.07 373.92 431.5 459.21 608.35 850.27 985.02 1006.37 1046.99 1214.98 1211.37 1040.91 1028.32 994.42 883.18 909.98 913.97 884.03 814.33 782.82 764.79 746.65 752.85 764.04 764.71 712.24 739.93 782.72
