Arctic_Drainage_2/veg_topo/g_mean.asc
NCOLS         721
NROWS         721
XLLCENTER  -9024309
YLLCENTER  -9024309
CELLSIZE  25067.525
NODATA_value  -9999
[rows 660 to 692 of 721, columns 444 to 517 of 721]
325.41 317.86 310.27 298.62 287.43 284.71 287.26 285.85 290.92 298.49 301.18 300.67 301.39 305.03 308.49 314.26 319.19 325.94 334.13 350.23 371.83 386.34 418.36 482.98 443.72 435.09 434.41 436.32 457.96 443.21 444.14 467.13 468.43 459.58 459.97 452.7 447.62 437.75 446.05 492.37 523.48 475.71 470.94 476.19 498.11 543 581.24 595.45 634.65 695.34 754.84 654.72 649.17 739.77 821.93 821.11 765.13 701.24 676.09 654.79 753.11 727.15 617.94 610.62 602.11 596.83 606.57 592.39 614.57 596.46 548.36 543.77 584.53 619.86
313.61 313.04 304.3 289.11 280.16 279.94 285.33 295.31 295.31 298.31 293.99 288.22 283.83 287.71 308.89 326.77 328.81 343.44 354.47 369.04 394.58 418.72 463.22 445.92 437.96 428.18 444.39 441.55 456.55 442.17 439.13 449.94 452.3 450.15 450.99 451.59 428.39 434.64 462.92 484.45 458.94 469 536.19 580.18 549.26 559.2 589.13 644.76 813.24 839.26 770.75 715.65 849.13 896.53 847.92 762.51 765 815.27 770.25 829.43 826.72 689.57 619.19 602.91 611.89 606.64 609.8 604.96 618.01 595.92 583.45 587.73 602.32 627.2
305.87 304.08 301.68 285.72 285.91 292.04 291.6 285.81 279.59 280.44 278.28 274.97 274.22 282.86 312.89 338.99 364.56 365.13 389.11 549.34 576.64 467.79 465.98 456.9 436.45 415.45 424.38 413.91 419.47 426.51 430.01 432.84 442.68 450.6 438.2 438.73 422.58 427.86 449.17 453 465.25 540.52 575.43 610.38 601.22 591.36 671.05 869.79 883.16 895.69 813.85 856.07 910.68 863.27 812.55 841.9 878.39 878.12 840.18 817.03 869.01 736.74 637.16 624.41 641.96 621.53 619.03 611.33 608.6 601.23 603.15 591.35 610.06 617.37
304.47 304.08 299.31 287.36 291.31 288.84 286.5 290.11 286.88 277.26 275.87 277.93 286.1 307.11 340.91 368.25 386.88 448.29 468.07 589.76 557.87 510.53 465.64 438.2 437.33 412.87 408.83 409.7 412.59 419.88 414.2 420.78 433.72 439.02 428.12 421.94 410.3 417.41 423.53 444.88 483.74 577.68 602.36 614.48 602.1 689.92 865.59 902.03 912.41 904.89 882.24 852.56 888.89 849.99 827.09 866.08 833.99 816.15 805.87 787.49 773.01 719.46 690.45 646.17 674.82 646.98 633.22 619.36 627.45 632.41 611.25 612.93 612.42 613.26
290.04 291.04 279.33 281.55 282.62 288 298.27 310.6 295.18 287.68 289.8 295.87 306.48 329 349.17 403.58 518.75 551.75 633.47 578.08 513.77 496.01 537.01 450.51 427.19 405.72 401.38 405.74 416.79 405.98 403.61 415.45 417.46 422.98 414.55 403.72 407.12 424.45 469.87 520.95 485.37 520.22 547.31 545.43 658 774.56 890.68 862.89 886.08 821.34 824.85 882.17 865.64 824.03 790.95 819.29 790.46 750.87 757.24 739.75 720.6 631.61 610.43 610.72 621.48 624.85 625.17 638.94 654.43 630.41 619.6 620.34 631.6 641.7
285.36 279.08 281.91 284.92 287.1 286.9 292.19 313.84 298.32 298.22 300.39 306.68 323.32 358.91 449.56 433.16 453.91 561.71 568.59 551.74 496.53 470.13 441.08 435.52 432.81 405.62 388.65 405.75 412.65 391.55 393.66 403.91 397.64 400.05 398.95 393.82 396.15 422.75 444.25 464.31 525.43 567.96 579.75 598.26 773.53 899.28 900.93 877.14 801.77 759.37 809.01 867.38 861.63 796.43 758.19 731.61 714.83 720.8 700.6 654.66 614.39 607 602.52 606.32 608.89 611 626.25 643.19 644.45 626.18 621.42 635.57 648.21 663.47
287.59 292.82 289.73 290.34 291.89 297.45 303.96 303.9 304.47 313.41 306.86 333.94 362.8 425.92 444.46 446.37 480.9 614.98 588.99 536.83 461.03 425.57 447.85 452.41 440.32 390.05 384.87 398.73 393.54 380.23 384.85 385.23 386.18 386.69 385.96 401.01 427.92 451.2 460.43 479.14 534.08 599.51 659.75 737.1 894.72 880.72 863.34 806.1 760.09 722.41 752.29 815.08 855.24 855.5 745.23 697.12 673.77 670.69 639.2 606.44 604.76 600.38 600.25 606.23 607.71 614.47 622.34 624.58 622.41 618.47 629.75 639.29 660.03 679.8
288.99 291.9 293.51 294.17 297.37 305.43 308.55 304.54 303.89 310.69 311.85 344.73 391.46 432.19 437.96 488.99 463.3 450.17 413.94 477.7 414.89 464.52 435.61 408.04 391.53 394.32 375.17 376.53 376.54 374.93 377.13 378.63 378.92 381.37 388.4 405.73 423.51 450.96 463.7 534.26 602.9 625.81 785.69 767.2 869.13 839.93 793.97 720.51 692.63 691.33 719.73 759.59 795.15 821.21 742.05 627.03 644.95 612.15 604.16 603.27 609.05 600.94 600.49 604.33 607.18 610.9 614.22 615.68 615.66 623.61 635.93 652.55 665.23 671.95
295.42 295.27 298.66 300.34 308.61 319.63 323.75 314.26 305.88 307.52 315.75 319.86 320.73 337.52 347.42 379.75 373.71 383.62 397.1 400.76 379 415.28 407.11 370.88 387.04 369.99 369.37 369.81 366.02 369.5 372.27 373.26 375.42 389.37 398.33 425.46 465.07 470.99 542.21 616.68 672.55 663.84 789.59 716.97 739.06 700.42 690.84 648.52 675.78 703.18 704.41 678.41 658.5 650.99 631.74 612.9 653.02 620.71 603.74 608.12 605.37 593.37 604.84 608.82 607.4 608.5 609.54 612.99 622.27 632.25 641.87 646.43 650.19 653.79
283.76 285.64 302.81 307.33 312.66 311.97 310.55 307.62 306.07 306.68 311.56 315.48 319.3 322.78 327.77 334.17 362.29 351.98 358.03 359.53 369.5 378.48 366.59 359.47 365.1 371.3 369.09 367.05 363.4 365.39 369.82 375.42 440.25 468.51 442.43 530.86 579.25 640.96 683.39 675.53 723.05 662.98 679.84 703.89 683.97 632.02 616.64 631.72 671.78 689.36 702.22 686.79 651.7 650.36 622.42 603.66 611.99 610.64 595.16 597.46 599.46 598.84 606.86 598.94 605.19 607.57 609.95 617.05 623.63 629.78 630.68 635.35 631.76 636.17
284.37 283.56 297.95 301.75 300.76 310.89 323.1 327.06 323.65 322.85 309.88 314.82 321.64 322.84 326.91 340.46 356.48 353.83 362.53 355.14 353.8 355.09 374.68 380.96 360.52 361.39 360.93 361.35 359.75 366.18 396.99 434.84 477.44 574.65 540.44 565.11 619.74 690.95 730.84 670.92 643.04 645.13 631.02 672.98 693.58 670.26 607.48 648.18 659.33 711.48 677.79 618.19 609.92 613.79 609.3 592.72 583.46 575.13 577.82 601.76 599.28 605.02 605.74 593.62 609.18 610.01 611.39 617.08 618.1 623.97 624.32 608.91 605.54 614.03
291.3 297.36 290.56 299.8 304.98 308.17 315.67 316.17 318.63 312.66 307.08 318.47 324.76 326.61 328.46 328.85 334.37 343.42 342.26 340.06 347.45 417.03 409.35 350.97 352.68 351.66 354.7 358.63 363.2 394.15 542.04 510.48 493.2 543.07 611.27 611.83 666.3 723.79 648.23 626.13 614.04 606.91 625.39 635.5 616.94 604.51 617.59 629.02 640.73 647.14 606.68 604.6 607.5 607.87 608.5 604.16 573.76 584.96 607.01 598.35 600.05 594.71 589.26 603.84 609.94 615.46 626.19 622.57 615.4 618.41 606.97 606.12 622.99 628.72
294.12 295.45 298.1 299.51 305.83 308.54 313.64 317.44 313.1 313.61 323.07 321.7 326.83 331.78 346.39 368.51 375.29 324.51 335.26 334.01 347.41 363.47 339.26 344 350.04 353.99 356.92 361.19 371.2 383.02 421.7 432.14 432.19 467.78 523.67 576.52 612.1 620.34 619.58 662.31 604.72 597.19 612.23 612.53 602.84 608.78 611.68 617.46 623.53 611.43 593.12 586.52 587.5 590.41 603.67 598.92 551.24 602.32 579.15 588.37 595.2 609.38 627.38 673.44 665.37 629.85 629.04 613.97 605.67 597.26 603.45 622.28 635.37 643.63
302.14 299.65 299.55 305.12 317.2 319.46 315.45 326.59 333.32 328.82 329.13 330.3 338.75 365.66 420.82 492.3 524.62 427.75 379.51 333.5 337.65 343.4 348.48 356.31 358.39 360.09 364.11 370.85 373.77 397.3 436.78 464.39 452.35 468.46 490.21 519.92 568.18 595.38 590.02 599.38 606.87 598.62 603.72 589.53 607.42 615.08 622.54 620.02 610.26 603.07 574.95 535.93 550.13 587.17 577.99 563.29 551.69 565.56 592.24 609.16 609.27 611.51 615.93 633.55 619.79 621.49 612.28 608.02 595.67 607.97 618.56 631.27 642.15 651.07
319.71 314.64 313.76 318.11 319.91 322.32 328.52 336.81 339.34 342.51 343.75 345.88 348.56 395.5 468.88 553.35 531.16 462 378.54 349.15 352.33 361.89 368.35 375.67 371.92 373.21 377.22 389.5 398.8 420.99 444.27 457.27 461.52 474.78 490.2 504.22 540.05 573.51 571.12 597.88 607.51 608.69 612.56 564.22 605.81 603.4 606.84 610.66 611.85 585.83 569.51 524.52 547.95 567.62 561.03 527.98 543.14 601.49 608.35 607.14 608.65 609.31 603.72 609.32 609.09 607.77 605.99 601.94 607.84 610.44 616.6 628.95 632.86 637.89
335.72 326.93 334.75 372.66 394.55 346.82 341.7 346.78 352.24 366.53 385.49 388.35 378.85 402.96 405.48 412.81 419.29 369.1 346.68 360.12 372.87 375.62 380.74 381.74 384.27 374.58 376.11 376.66 406.87 431.97 436.7 454.38 471.27 485.02 488.51 510.35 531.56 583.41 603.93 606.41 590.82 592.8 623.4 564.91 570.9 597.15 605.27 629.48 615.96 589.95 539.33 537.94 600.23 580.39 520.76 526.36 590.72 590.17 594.75 601.73 595.59 597.16 607.02 608.09 598.04 601.24 606.12 605.13 606.18 610.48 612.06 612.83 614.72 618.3
356.27 417.62 457.37 441.19 461.31 391.22 374.85 373.01 386.82 382.33 409.06 438.38 406.88 383.51 371.86 367.32 363.67 368.59 348.6 373.4 380.59 386.24 386.83 387.91 389.21 382.33 375.04 386.55 395.57 414.03 448.88 467.17 477.94 495.36 512.58 513.61 535.56 587.5 576.07 578.37 547.63 558.42 595.99 602.23 564.07 602.89 610.3 595.43 556.1 529.84 512.58 568.66 544.16 509.4 512.99 527.84 537.34 544.89 560 589.91 595.68 600.58 585.44 594.12 594.75 606.94 609.5 566.71 500.58 531.18 585.76 588.18 542.59 513.77
438.93 483.24 441.93 431.21 546.48 482.72 422.21 425.2 452.62 466.2 415.37 400.21 396.26 389.09 388.63 386.73 382.06 368.48 370.54 379.87 396.81 404.4 402.34 398.4 405.83 393.93 385.3 396.19 403.56 444.17 509.47 545.88 538.54 539.59 518.62 518.81 565.39 553.26 511.94 511.29 521.57 548.59 567.27 557.48 562.44 602.67 598.88 563.17 549.32 495.88 499.85 529.83 547.38 504.67 516.52 534.34 572.62 584.36 572.36 575.29 573.49 524.28 531.61 522.45 463.24 498.5 498.93 462.8 526.66 553.86 475.52 455.47 450.53 524.75
417.63 476.21 526.92 533.75 551.54 454.46 438.78 455.28 444.36 439.3 424.85 425.21 419.6 431.39 424.66 411.89 401.58 382.8 367.31 399.65 418.23 412.41 412.41 420.47 431.97 425.77 422.84 436.92 522.77 535.2 577.27 586.54 564.76 535.68 503.34 501.63 556.98 527.74 538.31 590.23 558.84 540.18 565.26 548.6 515.22 663.47 604.54 590.65 509.61 466.48 550.79 573.24 534.67 553.2 584.36 572.18 571.45 536.27 498.55 491.32 491.67 453.66 445.92 443.49 449.87 456 456.82 459.24 466.51 453.27 437.99 443.56 485.56 596.74
426.26 449.76 462.75 463.09 452.03 450.09 452.45 439.13 454.96 479.11 463.26 442.68 444.19 459.16 452.23 438.99 422.48 424.09 387.92 398.34 418.65 412.76 433.49 440.74 461.5 433.14 445.03 485.21 529.92 559.3 586.47 598.87 566.87 538.09 544.87 521.14 480.68 509.62 586.88 583.83 508.11 522.64 589.54 512.48 572.25 556.79 476.1 490.86 465.44 461.87 533.09 547.9 556.79 560.81 536.04 489.2 443.88 435.05 428.52 428.85 433.47 433.48 445.86 454.69 456.51 456.23 483.69 487.23 444.3 435.07 451.33 493.34 508.65 543.33
354.4 438.53 486.88 461.6 460.47 459.64 453.51 440.31 481.08 550.17 519.04 458.62 455.68 456.86 444.98 449.94 456.15 437.52 429.4 446.65 424.7 425.31 450.45 463.84 496.6 500.19 479.4 505.86 512.88 503.24 539.88 563.23 537.49 520.3 566.99 574.31 495.63 476.02 585.89 574.66 481.46 509.91 569.31 521.82 505.27 476.89 452.61 451.04 472.75 513.91 548.81 535.76 560.84 469.78 451.26 447.69 452.4 447.45 426.91 427.91 437.99 453.29 455.88 455.15 455.69 498.17 523.29 457.78 434.88 447.27 452.96 456.54 467.13 497.9
373.59 399.09 465.07 511.17 518.03 504.71 506.93 457.97 524.12 534.81 477.13 464.3 477.33 455.01 461.97 476.08 452.93 460.15 464.31 469.98 449.49 447.92 456.82 474.22 509.35 559.19 557.01 511.68 477.99 466.98 469.86 466.29 462.95 464.94 491.39 477.24 456.05 482.24 565.15 563.24 469.66 455.1 514.57 496.9 468.03 460.39 472.49 472.9 580.15 580.71 588.96 566.59 487.56 454.33 456.37 453.4 439.54 424.22 426.69 448.78 456.46 460.61 456.53 455.79 456.96 481.04 445.93 438.07 450.8 450.84 467.09 546.72 474.12 547.56
439.06 631.1 714.31 672.13 599.88 541.82 505.2 592.5 718.38 582.18 534.34 573.28 539.99 484.34 520.99 502.84 500.89 518.81 493.28 460.66 469.74 487.38 482.23 500.06 547.6 530.05 519.08 448.67 442.07 455.2 456.39 454.89 455.14 452.05 443.57 450.1 458.55 555.27 537.81 468.86 440.54 474.98 478.02 514.16 571.19 600.47 569.68 492.61 559.81 575.75 605.5 582.64 475.1 455.67 446.92 430.74 423.25 426.4 432.88 444.54 453.56 452.9 455.75 455.78 451.56 438.5 444.71 454.63 449.09 450.67 444.82 447 469.91 552.81
783 673.88 592.63 592.27 722.16 608.12 644.44 841.85 833.62 707.38 689.04 619.98 604.85 592.83 597.89 583.9 576.87 518.7 479.86 493.59 544.8 544.65 545.68 518.58 520.67 548.82 509.89 479.17 422.31 436.67 435.58 439.57 448.29 435.86 443.33 451.77 444.47 459.07 443.21 452.34 508.27 574.86 532.16 551.42 526.38 473.23 529.77 588.57 591.59 490.54 502.08 486.15 462.01 454.41 434.25 422.66 427.02 431.68 435.15 441.54 443.12 446.74 446.5 443.36 439.37 450.78 456.82 450.37 436.52 443.39 453.07 457.81 518.72 531.17
745.8 699.66 798.28 781.14 793.61 871.71 968.48 1015.38 803.38 791.95 743.34 758.94 663.22 620.52 595.65 554.14 575.97 580.92 578.15 597.25 603.99 609.62 596.41 587.02 593.31 540.22 448.94 426.56 444.63 442.2 451.23 583.46 546.01 494.99 518.74 573.64 546.96 547.75 493.66 459.55 465.31 462.88 456.95 452.96 475.06 571.07 569.58 511.33 468.53 446.35 449.96 447.42 442.42 436.81 424.66 426.76 432.86 433.76 434.1 436.55 437.69 435.75 439.26 447.16 454.25 452.14 450.66 436.14 438.58 444.23 439.57 437.33 -9999 -9999
1224.5 1115.34 963.02 901.42 991.18 1085.01 1188.11 1009.11 955.61 919.91 899.97 745.18 702.44 665.79 658.58 582.73 604.77 660.88 645.85 609.5 589.18 585.01 561.82 567.52 567.2 479.11 408.49 392.41 376.98 471.19 585.81 610.31 605.13 585.32 524.88 522.32 538.27 491.11 461.68 455.64 445.54 451.92 437.87 451.56 480.77 466.13 445.68 437.03 430.89 432.09 428.85 430.69 428.74 424 426.57 430.14 431.47 432.19 433.8 433.49 434.35 439.75 444.96 445.06 437.81 435.14 439.26 451.67 456.91 456.8 -9999 -9999 -9999 -9999
1289.13 993.45 1039.65 1217.17 1195.57 1197.7 1185.23 1066.15 942.25 873.67 772.87 744.06 760.86 751.66 676.21 626.12 613.66 690.78 713.91 697.75 685.1 643.8 572.58 528.29 468.54 440.89 506.52 442.45 482.84 580.77 608.94 583.4 513.08 471.37 464.17 457.19 458.56 467.53 460.92 458.07 429.23 415.06 417.16 422.77 425.85 422.55 422.06 419.61 418.35 420.74 420.69 422.71 424.85 427.2 429.55 429.95 429.82 430.17 430.26 430.8 430.84 432.31 433.03 433.33 441.4 447.05 452.45 454.57 -9999 -9999 -9999 -9999 -9999 -9999
1010.16 1099.83 1115.67 1160.13 1071.31 1081.87 986.79 973.19 943.3 867.35 809.55 889.71 818.07 750.93 746.51 714.68 695.17 732.09 733.27 701.84 676.34 643.51 581.89 488.53 434.3 411.91 481.26 439.13 524.33 568.63 590.26 493.3 457.09 454.88 477.98 539.63 580.17 504.19 457.07 443 406.44 414.65 416.14 412.96 413.87 413.49 414.12 412.68 414.99 421.24 424.95 426.77 427.02 428.59 429.76 431.62 433.27 434.87 435.07 436.22 437.5 439.67 437.87 439.96 447.78 450.1 -9999 -9999 -9999 -9999 -9999 -9999 -9999 -9999
975.32 926.11 1031.72 1004.86 880.05 842 885.59 813.69 864.87 828.99 799.29 749.65 740.83 668.31 684.51 723.32 738.93 720.46 683.38 656.73 666.06 596.56 480.28 433.91 418.37 405.33 377.59 411.87 469.21 489.6 428.51 427.35 455.95 499.4 583.64 574.26 531.05 495.73 453.33 435.38 406.47 399.29 405.16 413.05 413.73 411 411.2 413.57 416.83 419.61 418.46 417.82 418.62 419.84 423.09 428.55 432.21 434.41 438.02 439.42 439.88 438.76 437.33 442.52 -9999 -9999 -9999 -9999 -9999 -9999 -9999 -9999 -9999 -9999
909.67 904.26 1012.83 968.76 913.72 784 726.18 718.65 716.16 674.57 765.26 765.2 760.63 732.65 649.37 617.07 599.31 615.49 638.02 613.95 581.28 532.44 496.11 441.11 423.07 410.7 372.02 342.37 361.07 385.37 402.11 411.19 446.61 476.62 507.08 481.89 453.56 438.95 425.98 406.37 398.83 400.2 409.59 410.27 409.66 412.31 411.9 408.6 409.47 411.71 416.29 419.85 422.42 423.84 425.13 427.52 431.43 434.27 438.2 440.71 440.6 -9999 -9999 -9999 -9999 -9999 -9999 -9999 -9999 -9999 -9999 -9999 -9999 -9999
911.67 911.93 940.19 927.47 834.77 713.46 682 728.32 702.15 590.18 649.67 702.56 672.86 682.33 612.17 590.91 569.37 542.57 550.17 540.35 535.84 551.81 521.73 530.78 462.8 443.96 396.28 344.72 362.61 393.25 402.94 425.4 456.61 456.86 454.85 453.52 447.7 415.91 397.89 414.07 408 406.54 408.64 410.38 410.83 404.38 404.65 408.56 410.61 412.77 415.05 418.2 422.36 425.84 428.84 430.51 432.11 435.24 439.32 -9999 -9999 -9999 -9999 -9999 -9999 -9999 -9999 -9999 -9999 -9999 -9999 -9999 -9999 -9999
904.59 909.19 890.52 910.7 791.56 732.37 710.77 652.39 609.77 649.92 549.07 525.1 542.31 609.07 599.47 572.6 554.18 611.97 581.6 537.99 469.75 461.03 458.8 460.51 432 412.58 403.05 360.8 368.65 392.76 425.58 454.44 455.6 455.45 446.61 436.53 412.16 389.78 407.71 406.34 408.14 415 408.87 401.58 401 403.87 406.59 409.83 413.79 417.23 419.07 421.66 424.22 427.52 428.49 429.73 432.35 -9999 -9999 -9999 -9999 -9999 -9999 -9999 -9999 -9999 -9999 -9999 -9999 -9999 -9999 -9999 -9999 -9999
845.36 824.67 805.8 806.99 772.07 717.32 665.43 695.74 679.68 621.71 594.32 575.15 477.27 486.24 576.69 601.5 550.07 565.77 537.08 466.46 472.99 453.01 447.49 434.14 418.29 403.55 383.18 340.45 371.97 407.39 443.89 448.29 441.29 436.73 425.16 414.1 385.4 395.23 403.62 407.47 407.99 396.32 396.49 399.83 401.76 404.25 408.98 411.89 415.22 418.89 421.55 421.95 423.38 425.84 -9999 -9999 -9999 -9999 -9999 -9999 -9999 -9999 -9999 -9999 -9999 -9999 -9999 -9999 -9999 -9999 -9999 -9999 -9999 -9999
