Arctic_Drainage_2/veg_topo/g_mean.asc
NCOLS         721
NROWS         721
XLLCENTER  -9024309
YLLCENTER  -9024309
CELLSIZE  25067.525
NODATA_value  -9999
[rows 627 to 659 of 721, columns 370 to 443 of 721]
178.88 225.37 240.58 259.14 282.13 303.75 336.35 475.88 417.26 423.1 467.36 527.86 679.69 744.15 639.55 806.21 981.77 1038.23 1091.14 884.3 853.49 868.87 870.56 954.37 1032.16 1047.52 1211.03 1230.92 1101.63 1180.95 1180.81 1001.42 969.41 875.84 894.5 847.12 731.67 639.65 629.57 757.19 792.97 713.31 693.26 680.03 818.86 918.13 856.67 837.01 792.73 765.33 753.94 737.05 694.54 664.15 646.5 631.13 613.7 606.43 608.27 588.35 552.9 526.42 527.61 522.19 596.42 627.69 674.23 657.55 623.82 626.96 604.72 576.22 565.18 562.7
215.21 214.87 248.36 269.4 301.31 303.89 377.54 579.29 463.53 448.61 567.56 685.1 912.42 831.65 671.43 687.03 844.85 836.08 864.47 928.18 1100.56 1055.36 1028.18 1079.99 1192.56 1235.88 1228.3 1166.71 1268.84 1246.28 1064.99 1127.05 1170.3 1088.62 1049.15 981.67 905.03 784.14 692.73 821.79 932.98 790.93 726.67 682.99 877.37 936.08 889.55 855.54 826.4 802.44 766.64 735.19 700.56 670.2 647.45 620.44 589.44 574.97 596.86 583.8 533.45 548.87 552.01 531.36 547.31 576.96 606.14 631.07 651.99 636.4 605.82 595.27 609.57 620.86
251.42 247.17 265.2 283.97 317.38 341.67 423.69 681.57 614.63 516.92 747.95 824 1172.54 988.19 722.48 705.99 843.92 949.05 992.19 932.46 971.81 1098.19 1199.86 1210.08 1315.89 1439.62 1403.46 1404.56 1441.01 1467 1373.63 1427.49 1431.87 1424.73 1430.5 1326.1 1211.74 1012.33 720.79 961.21 1005.09 829.21 755.49 735.13 755.74 978.08 948.22 888.42 859.88 814.62 774.48 738.44 712.46 680.34 640.2 609.78 579.21 556.02 563.67 563.12 539.97 580.11 621.78 646.42 661.17 647.4 641.28 649.84 678.52 668.33 641.4 627.69 659.22 699.11
282.6 301.89 317.99 313.13 328.81 429.18 541.98 581.89 744.14 729.33 818.1 1284.18 1379.92 987.92 785.73 763.55 783.59 1065 1064.07 1129.72 1023.18 1047.18 1106.29 1211.01 1236 1337.26 1275.56 1385.85 1712.15 1607.4 1314.73 1398.83 1407.67 1417.86 1468.42 1532 1493.12 1241.83 964.15 941.92 1038.08 903.8 798.61 787.36 732.47 1049.15 1011.36 944.81 868.26 826.06 783.89 740.43 707.36 672.24 643.09 613.84 591.73 599.62 595.48 604.25 552.18 589.36 694.49 781.21 833.85 786.85 727.19 733.97 713.1 701.75 697.41 672.64 725.62 780.13
289.61 310.81 334.69 348.21 349.8 480.89 551.81 505.44 747.81 970.73 1097.7 1130.78 1010.83 855.89 812.82 871.46 838.79 988.48 1113.38 1188.25 1043.06 1026.08 1048.11 1092.92 1214.68 1302.27 1331.43 1388.79 1399.99 1341.93 1184.24 1138.38 1114.63 1121.28 1135.08 1140.31 1453.38 1569.9 1278.6 1061.27 935.81 1031.98 936.26 837.37 738.17 886.07 1073.36 983.87 906.96 858.28 803.98 757.17 719.38 686.85 658.44 629.86 626.79 654.55 641.57 593.41 574.06 586.57 693.55 859.74 971.91 893.74 811.97 787.26 787.87 772.17 747.34 737.49 795.56 837.76
266.21 293.89 330.76 355.88 419.02 432.82 490.63 545.4 741.93 861.51 945.21 925.54 896.17 856.92 896.8 947.75 1201.02 888.31 972.32 1126.16 1062.41 1048.27 1072.31 1121.15 1191.47 1215.18 1200.58 1181.16 1175.47 1169.14 1113.65 1099.52 1051.71 999.74 1030.1 989.85 1044.05 1224.53 1423.11 1282.23 1061.99 992.84 1036.17 983.89 864.07 747.63 807.36 975.49 963.43 891.14 814.91 771.71 728.46 702.9 670.38 665.47 695.41 727.8 697.7 688.49 647.39 586.28 650.4 795.49 906.52 927.56 925.6 873.08 852 855.75 796.04 815.99 894.19 949.34
289.55 285.99 375.85 445.8 519.9 523.31 550.64 559.22 653.74 812.1 871.56 843.78 925.98 938.35 981.75 1019.63 1333.29 1191.17 985.29 1225.46 1137.95 1095.99 1124.68 1170.57 1232.05 1250.31 1210.94 1150.98 1106.11 1078.93 1034.77 1008.6 996.32 932.96 963.61 929.65 900.88 953.3 1003.28 1005.35 1061.72 1033.83 1038.29 1079.69 981.34 917.45 813.46 755.4 830.36 868.07 840.87 816.54 768.2 729.29 716.31 752.38 789.85 730.06 681.13 752.29 638 565.77 578.4 696.22 829.31 911.02 913.47 967.5 997.34 980.03 912.25 895.12 891.52 937.27
521.11 303.24 411.8 489.94 552.69 555.5 549.43 596.73 774.81 1044.5 781.47 838.28 950.69 983.23 1136.22 1155.52 1368.77 1429.6 1075.07 1290.96 1205.72 1154.88 1182.17 1367.34 1387.64 1318.99 1232.32 1197.02 1214.5 1165.7 1114.06 966.4 915.08 880.52 883.83 881.38 823.56 813.24 882.39 822.77 815.64 890.4 1046.93 1048.79 1024.92 987.18 967.2 879.28 835.53 840.27 879.85 830.69 794.58 787.54 833.96 863.32 804.92 723.24 701.73 618.43 572.01 539.7 526.63 567.33 704.63 870.19 814.27 785.47 876.66 1024.92 1148.94 1209.46 1046.98 1053.59
458.62 400.71 380.14 502.49 549.63 721 569.44 597.95 708.89 890.27 761.11 816.59 875.34 994.3 1031.85 1080.8 1379.32 1359.5 1126.61 1164.75 1298.19 1292.71 1297.29 1537.44 1639.05 1393.81 1299.63 1238.21 1198.15 1076.7 1089.41 972.93 933.1 909.15 852.1 837.47 814.94 771.88 747.35 714.69 723.38 761.75 850.18 891.84 944.45 912.73 940.17 953.02 903.02 819.91 876.85 817.85 796.19 844.79 872.76 857.93 827.77 752.81 635.98 571.3 558.12 525.45 529.94 530.09 603.87 696.43 715.39 731.76 767.35 892.32 1139.89 1496.78 1632.13 1498.44
434.8 497.34 484.64 508.89 519.3 599.94 575.36 581.53 656.38 715.29 697.5 776.06 930.27 1020.68 1015.97 1059.91 1215.28 1316.35 1406.28 1429.49 1566.72 1711.08 1631.76 1596.79 1448.86 1278.55 1264.28 1342.78 1291.78 1146.43 1064.76 1036.08 1062.8 982.06 877.75 805.73 804.25 821.07 792.93 721.7 698.23 742.75 804.54 814.17 821.65 745.87 839.57 889.87 948.02 842.35 766.33 724.26 721.14 732.31 772.61 730.65 678.65 586.8 560.97 553.03 695.86 678.98 628.88 577.66 568.88 607.37 633.84 704.27 663.23 761.43 970.13 1604.61 2199.46 1943.05
458.56 440.93 455.52 467.91 481.27 496.44 532.51 555.31 591.15 617.69 726.25 814.22 868.23 937.58 947.32 1035.54 1223.86 1401.87 1686.39 1922.06 1972.2 1848.34 1622.92 1457 1257.39 1196.42 1181.49 1326.36 1361.47 1210.71 1167.82 1103.2 1052.51 935.45 823.52 757.84 749.59 768.9 769.33 745.82 698.41 690.82 689.91 706.17 660.42 722.65 669.31 715.89 785.9 872.15 849.76 798.93 748.59 724.89 667.57 602.21 570.75 552.14 519.97 514.91 584.8 713.56 652.4 559.87 547.13 525.34 561.15 617.5 651.5 708.99 802.19 1050.67 1303.64 1200.45
448.66 451.96 490.67 590.8 577.77 540.34 608.87 569.86 579.23 651.81 743.05 762.01 798.17 879.85 972.52 1095.98 1458.92 1994.83 2142.69 1993.64 1842.31 1594.57 1451.95 1174.39 1097.6 1076.81 1060.11 1177.22 1194.48 1189.45 1203.92 1109.72 1048.13 933.89 792.41 715.41 716.78 704.04 746.89 713.15 672.1 634.76 624 656.15 609.95 620.07 616.23 680.66 671.56 728.13 700.62 737.94 731.25 709.41 766.13 708.7 600.16 558.78 526.66 501.88 514.79 547.65 531.38 503.5 517.95 519.62 544.69 574.54 617.74 640.37 702.68 800.61 834.26 795.49
450.24 471.79 544.99 595.61 580.34 591.87 609.6 579.39 593.75 636.59 706.24 741.61 768.74 894.85 1010.03 1113.07 1391.81 1866.01 1864.7 1552.26 1441.04 1307.9 1164.43 1065.89 970.18 933.46 929.57 993.36 1061.57 1084.87 1114.17 1093.68 1069.4 998.02 794.89 693.09 670.59 671.14 664.26 689.44 626.71 595.53 584.75 578.46 564.57 551.48 578.15 563.41 577.37 618.87 625.65 642.07 626.95 638.05 701.91 783.31 781.68 583.14 498.66 500.32 467.6 447.6 471.91 485.46 495.35 511.71 529.57 584.91 619.6 604.59 645.34 642.85 659.75 661.38
512.74 563.03 555.68 523.57 520.21 526.63 541.68 543.61 566.35 596.63 639.7 730.1 810.06 892.22 971.02 1174.43 1286.55 1361.58 1547.72 1352.47 1251.74 1111.85 998.86 957.87 919.18 909.87 903.74 919.53 949.53 1041.72 1075.94 1073.15 1066.48 1001.83 827.06 685.31 690.58 642.46 631.91 635.22 606.67 572.42 558.67 547.3 542.67 550.45 557.38 554.15 554.05 597.41 613.07 625.27 615.78 567.47 645.79 719.48 758.78 650.74 521.96 443.94 421.48 443.51 461.32 469.25 489.56 502.59 520.15 552.5 571.73 609.67 646.06 634.57 606.09 673.58
523.13 550.31 468.55 464.47 468.52 483.24 501.51 522.77 547.44 572.72 596.91 751.74 788.9 871.65 993.69 1130.34 1212.57 1191.89 1251.56 1177.31 1102.23 981.26 890.64 829.31 850.29 896.17 875.6 805.57 853.34 988.05 977.33 1039.75 1054.16 1068.37 893.1 728.43 828.79 692.05 643.58 613.74 602.13 566.35 540.97 529.47 527.08 534.49 541.66 549.22 546.44 553.19 592.61 621.16 620.89 553.23 527.29 547.56 591.7 593.74 526.45 552.31 456.13 437.12 458.76 478.9 491.37 502.68 509.86 522.78 562.5 574.48 600.28 609.29 582.92 619.91
462.29 450.74 447.16 452.62 460.02 478.25 509.3 532.47 540.54 560.18 598.39 640.63 717.65 754.79 879.02 915.98 957.71 980.51 965.77 962.82 919.94 902.87 838.15 761.74 722.58 715.77 714.92 692.79 721.93 713.82 773.42 861.52 960.3 941.86 871.51 853.22 889.45 785.52 723.57 656.74 592.55 550.64 525.51 518.27 520.55 527.46 538.25 552.75 557.07 533.73 555.91 582.59 565.09 543.26 482.52 504.71 521.06 488.67 465.95 467.62 441.24 453.56 463.82 474.05 479.29 478.75 497.82 521.74 555.5 550.18 555.26 564.86 532.18 552.83
433.23 436.97 439.48 447.78 462.35 491.92 541.91 568.51 574.72 573.59 588.71 608.33 620.7 697.21 786.27 836.96 830.19 824.16 815.1 786.1 793.73 838.79 803.09 711.56 642.18 606.06 625.5 620.92 617.15 619.69 674.47 718.82 740.27 870.61 982 886.71 896.8 922.48 769.27 668.63 591.11 545.98 521.83 515.56 518.67 527.14 540.29 555.36 570.86 530.86 514.94 521.56 513.72 480.77 465.36 478.75 506.96 481.67 443.53 440.08 437.72 441.8 453.18 454.42 451.34 466.03 500.22 521.79 539.25 528.29 515.7 497.28 472.44 461.64
419.4 437.85 454.8 471.11 525.55 588.46 630.13 607.6 578.16 576.64 600.96 612.68 615.96 678.16 749.61 739.72 749.12 724.26 692.84 692.25 660.48 641.82 669.81 687.28 640.83 625.06 591.49 601.48 594.57 606.82 638.22 672.86 683.64 783.52 865.16 857.68 874.39 879.09 732.96 644.88 585.03 550.89 531.9 525.92 528.54 536.09 547 559.05 568.33 562.5 504.75 468.04 447.98 443.69 474.62 499.59 516.44 489.26 445.96 415.18 405.28 417.7 430.81 431.97 459.94 478.41 492.13 510.49 501.79 470.17 450.03 425.05 430.92 419.1
423.51 450.07 486.03 513.31 543.8 608.14 606.57 599.57 597.41 591.34 598.42 614.25 622.34 653.78 631.74 671.47 668.23 666.1 635.34 644.7 606.69 603.13 618.68 798.52 753.46 676.57 611 608.06 581.36 588.81 601.67 614.85 626.36 648.22 697.89 747.35 799.21 737.85 662.36 611.19 580.85 557.48 545.38 542.55 545.08 550.89 559.19 568.93 577.73 574.54 537.79 465.95 424.08 454.11 512.64 548.38 518.65 491.84 459.96 425.7 396.84 397.92 406.81 424.32 442.56 446.65 470.6 485.4 470.82 444.96 427.84 403.6 399.62 391.84
434.33 469.72 504.7 558.15 578.98 593.7 612.62 595.96 608.74 610.02 612.74 624.03 621.4 605.29 598.43 636.75 605.36 609.48 596.68 613.81 596.83 595.63 604.49 616.96 589.84 589.66 582.82 584.24 554.55 569.94 600.62 639.06 678.02 702.4 690.16 696.62 685.57 653.92 626.02 595.54 572.77 559.35 554.58 554.91 556.71 559.68 565.21 575.54 592.24 603.44 572.05 499.27 465.25 479.04 508.22 535.03 529.94 491.24 454.06 421.43 396.04 380.8 381.15 396.29 413.24 429.85 445.08 451.21 448.58 433.84 403.29 387.17 366.17 362.71
466.18 509.61 518.96 560.58 607.23 607.79 625.03 620.31 611.73 642.84 695.44 633.98 612.4 593.12 588.06 588 602.06 594.61 553.53 579.42 609.23 595.31 591.15 571.87 553.33 546.34 527.68 519.38 532.02 576.49 628 672.01 874.79 853.83 785.44 705.75 640.87 605.38 583.33 576.63 570.01 563.97 563.03 563.46 561.02 556.58 554.49 559.86 575.15 587.11 569.61 534.38 516 502.29 489.55 483.97 488.89 464.21 442.59 428.85 411.7 391.94 368.2 369.26 381.04 389.94 395.11 398.49 406.47 401.41 380.71 357.48 338.02 331.45
526.99 563.66 567.64 578.98 611.01 607.92 608.02 635.93 660.27 738.33 766.99 621.08 591.12 545.54 519.35 559.17 572.92 582.12 540.69 583.67 566.93 582.51 578 534.65 518.32 496.27 498.43 524.91 535.14 580.99 663.46 778.06 1057.18 1277.06 980.5 723.4 678.1 639.07 621 615.52 600.38 586.2 579.86 574.47 563.61 547.24 531.48 523.72 527.76 538.1 542.56 542.18 546.69 545.43 524.58 495.57 482.56 471.38 464.85 456.1 437.7 412.29 381.66 356.73 347.45 348.49 350.61 352.72 367.53 368.46 352.46 332.71 312.52 303.67
588.71 639.15 656.08 589.89 621.29 649.95 658.91 706.72 699.68 734.56 765.01 560.78 538.3 492.23 498.01 512.5 509.95 536.39 524.38 524.9 519.64 535.9 524.65 494.87 484.4 522.09 549.75 498.36 539.62 614.3 677.84 809.47 836.04 908.06 922.13 855.77 766.08 775.57 746.67 690.87 644.26 618.26 603.77 589.58 569.76 543.44 515.46 495.19 489.91 500.51 521.67 544.24 560.62 568.45 562.03 541.45 526.68 517.58 506.16 493.39 465.22 433.36 404.33 378.03 355.72 338.07 326.91 324.26 330.88 328.99 323.19 306.43 298.09 293.54
686.87 745.9 735.35 682.89 680.73 735.97 752.46 756.61 761.37 741.95 749.76 599.69 560.04 476.46 469.54 460.67 465.54 461.14 466.08 469.52 468.74 482.59 479.39 469.57 468.45 462.83 458.25 477.93 526.97 593.6 609.06 624.97 715.54 803.54 858.72 848.24 781.64 775.94 746.27 708.76 659.51 621.83 609.4 595.57 579 553 518.94 491.07 481.95 496.72 528.26 560.42 580.14 583.66 572.1 549.75 540.81 557.6 554.85 526.65 490.08 452.58 421.15 397.41 376.47 354.52 333.42 315.56 306.13 303.16 300.35 296.86 293.07 288.18
723.28 740.79 764.86 767.8 750.27 714.44 657.16 674.91 641.85 605.21 621.71 568.37 461.73 456.52 456.11 456.48 456.16 456.07 455.99 456.55 455.64 456.43 456.8 455.92 450.61 439.53 436.35 447.77 461.66 534.59 593.74 644.94 717.94 844.64 1253.17 1289.2 946.26 1018.95 858.59 823.78 692.98 613.61 599.69 600.14 604.22 587.51 544.91 506.94 492.91 517 560.23 588.85 596.04 592.31 576.39 555.58 547.47 554.23 544.13 522.91 494.28 464.17 436.41 411.87 390.09 368.91 348.48 332.47 316.83 302.84 297.38 294.03 289.31 282.46
648.46 665.81 688.46 696.25 629.77 597.5 555.14 533.52 497.79 459.73 462.33 466.29 456.56 456.38 455.69 455.86 456.16 456 455.63 455.52 453.37 451.26 451.22 448.33 442.47 426.97 419.79 414.31 424.43 463.22 518.99 601.66 763.55 871.63 1151.12 1323.25 1311.3 1228.82 1228.49 1195.97 807.26 665.16 614.1 607.67 604.41 578.98 533.65 507.39 489.47 525.23 589.06 592.5 575.47 575.04 560.56 546.28 538.54 539.2 539.62 524.95 497.38 470.2 446.31 424.86 403.43 382.83 363.5 341.06 318.83 302.4 297.44 293.91 288.03 278.27
619.72 631.66 636.13 607.74 575.78 556.9 530.47 513.58 463.23 435.97 435.56 440.95 446.05 452.42 452.12 452.7 454.61 455.35 455.18 453.81 449.5 447.42 446.27 446.25 444.1 426.45 413.39 409.32 424.85 454.15 518.24 589.14 727.88 923.03 932.32 1056.57 1067.71 1064.09 1220.94 1284.7 1039.44 657.15 600.91 571.3 550.77 521.04 482.93 457.93 449.58 472.8 527.99 542.16 527.36 522.34 524.04 526.64 526.83 529.99 529.92 519.54 497.49 472.98 447.61 422.02 397.82 374.52 352.11 331.15 312.8 301.95 299.23 295.87 288.62 276.23
614.74 622.39 621.8 590.26 517.62 506.69 474.09 463.38 430.94 418.87 415.91 421.98 429.78 439.1 445.33 449.16 452.82 454.91 454.77 453.8 451.03 446.69 446.09 447.69 450.65 450.59 444.49 450.59 448.36 456.92 522.16 603.59 676.02 819.23 861.77 1022.7 1110.11 1017.21 964.6 862.25 739.45 607.79 571.43 545.39 517.99 489.8 464.56 446.93 437.07 440.17 457.25 479.99 468.54 466.74 487.97 501.88 508.68 509.77 512.77 512.24 502.71 473.17 433.02 398.43 371.35 349.27 330 310.65 302.65 302.49 302.21 300.17 294.3 279.9
604.09 607.27 611.17 583.51 514.36 458.42 431.94 419.43 409.11 405.47 406.45 412.86 421.53 432.5 439.39 447.05 452.65 455.05 455.28 454.61 453.5 449.24 451.77 457.98 464.25 466.61 472.99 471.62 457.64 465.2 520.41 599.54 678.55 858.31 989.29 1238.15 1319.99 1048.57 879.88 781.19 672.92 601.16 548.75 520.92 506.48 484.31 460.69 446.66 440.16 438.72 442.8 450.5 452.82 459.18 471.42 482.11 488.54 490.39 495.61 502.46 491.14 444.09 398.98 368.83 345.69 329.34 317.29 308.47 305.43 305.3 304.92 304.51 298.96 281.1
533.38 594.31 601.38 529.61 478.43 438.55 414.91 403.83 399.72 399.75 403.48 409.2 415.73 429.45 432.86 444.61 451.23 453.27 455.59 456.77 457.37 456.81 458.03 460.93 465.84 468.34 466.28 461.34 455.17 460.73 504.95 578.58 647.37 872.61 975.43 1272.3 1379.66 1068.3 925.13 795.29 695.31 577.26 534.86 504.91 485.17 466.67 454.02 449.01 447.88 447.44 449.3 451.41 449.97 450.28 457.06 467.72 463.07 468.21 468.41 457.4 431.17 400.38 373.51 353.75 339.77 329.71 320.96 314.45 312 310.97 305.02 297.25 297.61 300.05
512.47 542.86 527.83 470.28 433.85 418.08 408.34 404.04 401.57 401.59 404.15 408.97 414.8 424.07 430.38 437.11 446.7 445.93 449.62 452.5 455.75 457.41 457.81 458.31 460.31 463.61 463.1 460.17 456.04 456.15 486.36 551.57 614.81 785.66 958.04 1084.81 1099.13 853.05 751.89 640.6 599.04 557.88 533.95 505.51 484.74 465.53 454.85 453.98 454.86 454.77 454.96 450.73 439.97 434 438.78 443.95 435.59 437.21 434.5 419.54 397.6 378.91 365.24 355.53 348.95 341.05 329.01 320.46 329.45 332.07 323.33 304.05 324.98 327.92
479.18 494.38 473.2 455.84 436.3 425.65 416.92 412.6 411.84 409.7 408.5 410.56 415.59 421.1 425.84 432.48 434.7 430.83 434.6 443.64 447.29 447.98 448.35 450.28 447.05 446.66 451.05 454.67 453.3 453.78 470.36 540.95 606.27 695.25 771.32 848.75 720.06 667.76 620.36 605.86 578.95 552.37 527.55 502.23 480.85 462.61 456.15 459.44 461.54 457.23 443.83 423.15 416.1 406.96 409.68 414.22 398.99 400.66 401.93 391.93 380.3 372.26 367.79 367.55 368.84 361.49 337.76 330.77 356.48 367.45 344.45 309.32 327.11 340.57
459.45 459.72 454.91 452.54 451.77 444.51 441.28 431.8 423.39 416.74 413.82 412.18 413.9 416.84 421.87 422.44 422.74 423.9 426.81 429.57 424.61 424.48 427.68 418.43 423.24 432.78 441.85 447.78 446.25 446.33 458 511.2 581.56 603.53 613.62 622.45 604.98 595.81 592.46 594.3 573.36 543.11 517.02 490.46 466.45 453.79 456.97 465.52 452.49 443.48 536.18 467.03 427.86 398.49 372.86 371.61 366.84 367.51 370.42 368.54 365.42 365.82 368.62 375.2 385.25 386.34 354.31 340.69 358.94 362.89 349.64 346.34 357.33 344.24
