Arctic_Drainage_2/veg_topo/g_mean.asc
NCOLS         721
NROWS         721
XLLCENTER  -9024309
YLLCENTER  -9024309
CELLSIZE  25067.525
NODATA_value  -9999
[rows 429 to 461 of 721, columns 444 to 517 of 721]
104.11 134.35 183.93 189.04 239.1 253.82 211.64 199.71 169.81 140.07 138.72 128.32 124.66 171.24 205.68 212.54 208.04 168.76 157.17 169.07 158.75 164.44 189 222.74 266 258.96 260.25 392.33 465.99 560.26 482.93 536.44 392.63 326.88 228.57 214.79 202.85 194.74 214.78 228.44 229.57 213.58 227.59 205.08 199.76 182.83 156.62 157.54 161.65 171.61 170.18 157.27 174.24 188.98 182.12 169.19 131.54 163.1 184.98 187.86 184.22 180.17 175.11 115.98 192.45 227.47 251.45 264.12 279.13 290.67 297.88 294.05 261.26 256.73
226.63 207.98 201.02 223.67 196.1 225.42 249.92 232.52 193.95 173.29 177.44 174.26 185.37 193.9 183.32 178.91 171.47 145.92 172.14 164.48 152.75 186.54 181.39 204.81 247.74 224.2 273.14 263.57 342.58 425.23 468.93 547.62 496.1 452.49 360.26 299.16 256.75 226.59 250.18 253.45 258.62 240.12 252.57 238.26 227.04 197.66 171.86 166.11 165.62 176.51 171.84 165.34 178.1 189.02 184.45 170.65 154.06 141.73 142.7 168.19 190.84 186.9 198.97 137.81 144.73 185.41 193.63 221.99 246.02 250.7 218.69 241.81 217.59 202.65
232.95 267.43 282.53 300.5 253.55 165.62 153.6 153.54 167.57 164.24 173.73 196.96 241.06 214.56 158.44 153.08 151.65 125.01 149.83 166.63 185.74 193.5 187.87 177.91 141.53 140.97 148.87 170.84 240.1 309.15 404.61 423.52 490.28 514.28 420.76 390.41 373.48 329.68 291.82 281.2 265.35 272.11 264.99 260.07 249.66 224.73 206.44 178.19 178.16 187.65 175.77 173.73 187.92 196.04 183.31 170.99 159.04 173.32 174.93 179.86 183.94 196.81 199.67 183.9 126.82 119.64 134.61 207.35 227.58 183.82 186.75 185.59 213.97 173.09
201.36 264.07 284.08 304.47 222.66 180.59 159.16 146.13 141.83 162.03 170.99 183.98 192.24 168.9 170 171.73 173.77 158.98 115.45 177.26 198.9 191.14 167.09 164.03 171.36 139.04 161.97 171.54 179.92 203.53 295.86 330.47 356.66 371.31 338.65 365.99 347.02 363.71 373.43 436.78 376.57 346.66 301.78 314.93 292.02 260.27 234.31 215.38 199.39 212.86 197.01 186.44 196.5 194.75 188.47 166.21 182.33 174.87 183.82 187.37 170.75 198.11 218.69 204.32 179.3 168.75 120.97 122.27 170.36 152.18 140.27 157.85 191.49 163.04
180.07 191.39 196.68 199.66 205.74 197.34 182.66 158.74 141.23 140.51 150.32 157.6 144.11 134.94 167.65 182.59 174.97 118.27 97.53 126.67 158.76 143.28 134.48 139.27 151.19 147.88 148.18 143.98 168.5 177.31 188.43 294.33 329.66 277.89 286.05 275.62 262.83 293.45 307.06 342.54 319.73 354.23 366.46 400.15 387.17 349.99 260.27 234.84 237.48 243.55 238.45 225.49 212.63 202.6 197.13 179.23 186.72 195.81 193.53 187.71 179.09 200.04 202.3 198.85 206.06 217.73 175.82 157.14 129.66 123.53 121.93 124.29 155.63 147.9
132.7 116.86 173.71 191.13 199.2 181.87 161.57 151.19 138.85 144.39 154.95 152.86 132.82 118.81 148.03 143.92 144.46 163.71 129.74 134.89 188.02 180.77 156.65 138.22 148.74 158.64 162.08 143.7 128.1 161.57 176.22 219.39 248.68 202.72 237.52 311.32 345.41 327.69 321.22 362.4 351.23 374.41 435.37 462.86 456.78 411.93 376.45 283.52 288.17 277.36 276.98 255.58 232.69 222.48 202.71 203.49 194.95 212.79 199.61 197.84 189.74 205.43 199.14 202.69 217.69 252.2 226.96 206.32 188.32 176.77 149.67 109.94 127.76 121.93
145.11 141.99 159.35 170.66 189.21 175.63 157.56 164.75 127 126.25 154.53 150.13 149.55 121.89 113.91 181.88 194.97 184.28 181.44 166.32 198.53 167.05 152.28 144.38 154.5 181.06 181 165.44 148.84 131.09 135.61 183.54 225.27 174.21 221.76 246.17 287.22 276.03 304.3 336.98 296.71 392.06 357.76 421.92 369.49 409.58 477.54 371.47 311.87 309.79 298.74 269.7 242.46 220.88 208.21 219.9 220.08 216.93 205.53 204.31 212.07 213.47 217.94 214.69 236.04 253.62 225.94 239.25 228.33 222.35 167.85 104.84 105.65 113.25
185.28 168.19 151.28 181.49 164.39 151.85 171.32 153.67 144.68 120.14 142.35 160.45 148.64 122.19 136.46 202.34 190.5 197.34 187.95 201.67 174 143.14 153.81 168.23 160.22 169.86 198.05 197.01 167.66 119.93 125.71 189.48 192.94 180.85 222.74 199.54 204.99 258.34 284.69 305.82 326.99 348.52 321.82 355.25 356.12 427.27 457.33 617.42 411.34 361.24 341.63 305.2 292.47 243.97 240.9 241.08 236.44 230.19 214.19 227.41 228.4 219.99 223.79 241.57 258.19 252.18 231.84 260.27 259 208.93 169.19 123.31 97.11 104.94
159.06 178.78 158.19 161.12 145.88 162.56 163.6 183.61 159.02 132.9 127.5 146.5 126.88 113.22 153.49 174.1 170.67 196.63 202.38 180.96 150.49 163.62 186.36 164.24 176.84 158.14 184.88 187.58 159.09 165.96 138.26 158.18 165.8 171.61 167.34 185.77 191.48 201.63 213.79 249.12 263.13 289.61 299.06 327.4 355.06 386.53 407.95 514.03 523.81 407.86 383.92 359.4 311.38 279.43 278.84 252.56 247.31 242.43 241.62 253.48 244.64 243.16 239.27 259.28 271.91 255.47 236.85 274.69 223.75 222.41 194.54 138.94 114.39 93.81
106.5 124.19 119.86 136.03 153.56 187.27 188.85 171.72 181.19 135.41 97.27 115.61 120.23 126.92 148.97 153.43 156.23 190.01 203.5 179.67 165.4 161.52 190.41 210.85 185.19 177.12 189.03 158.48 180.94 169.71 202.39 203.93 135.08 161.01 191.41 164.11 194.91 262.6 257.23 291.14 249.31 264.91 262.5 263.71 303.1 384.12 408.96 520.25 690.19 521.6 382.51 342.85 309.41 353.63 325.96 283.46 271.73 265.5 276.85 271.11 260.82 275.69 262.24 268.94 274.39 241.3 240.41 264.23 230.17 192.71 173.85 156.14 142.22 100.73
173.41 179.62 145.05 124.51 140 190.71 201.53 167.75 163.61 131.89 107.04 117.36 145.78 130.08 163.85 180.82 189.87 206.96 194.56 199.21 179.13 154.44 186.15 226.75 207.88 219.67 204.15 188.18 185.3 175.25 191.15 159.61 138.86 242.22 249.32 221.68 164.83 196.65 266.96 323.02 329.79 300.23 284.05 302.3 278.84 306.68 387.97 590.53 805.38 632.72 501.48 407.26 373.9 393.61 379.8 335.13 323.85 297.91 283.28 288.78 260.43 262.33 278.11 281.83 267.68 252.53 241.95 247.75 197.59 173.62 158.34 136.12 134.73 133.16
178.29 178.6 182.1 168.73 143.61 184.83 204.08 154.44 135.26 95.86 138.14 134.07 150.72 134.5 142.94 174.37 176.03 198.05 193.26 199.79 189.28 179.92 169.35 222.63 260.82 263.16 235.79 221.05 194.58 169.4 191.81 171.28 130.69 170.3 253.58 274.23 225.36 220.03 220.19 259.1 269.41 245.2 388.13 365.04 324.45 326.43 429.7 525.74 756.84 740.68 527.68 476.4 434.38 389.54 380.52 395.7 363.95 325.16 312.81 297.57 295.18 292.78 284.19 280.32 277.06 265.35 241.61 239.23 199.5 204.76 177.13 153.28 124.42 119.05
140.9 160.63 145.66 168.07 165.09 166.32 182.79 187.72 126.91 130.28 142.45 153.08 152.55 141.45 123.58 168.82 139.51 187.23 167.06 185.17 193.59 182.35 162.16 187.47 225.29 223.16 255.83 247.42 204.46 186.97 188.42 177.06 176.61 154.97 125.74 198.21 249.16 231.53 206.34 207.92 236.5 263 336.91 350.39 379.55 368.69 409.56 549.92 752.04 658.51 633.7 470.87 414.17 394.2 358.54 410.98 382.98 360.46 331.04 312.19 334.65 355.37 302.72 282.94 321.7 266.72 258.26 259.43 235.04 197.84 151.54 135.83 112.29 103.64
174.6 159.57 141.31 144.29 168.24 190.75 179.65 176.19 131.12 123.47 148.67 154.1 169.25 155.6 149.07 152.21 142.13 162.15 170.05 186.73 189.04 198.06 175.38 203.38 238.16 234.14 243.85 256.18 262.95 226.29 218.33 188.68 183.88 133.15 147.75 166.21 196.29 210.52 157.05 173.42 213.12 231.43 293.86 364.18 392.1 346.27 506.62 644.18 831.93 794.87 680.45 550.09 398.29 373.78 365.45 380.89 358.8 377.9 352.71 345.97 345.38 337.98 319.25 328.32 319.9 294.13 270.61 251.37 243.06 195.78 182.34 134.12 115.69 104.92
177.99 145.81 150.11 144.73 159.53 201.06 186.55 155.18 155.83 102.11 142.94 161.74 157.66 168.06 181.02 166.65 186 193.54 192.5 177.38 196.53 189.68 182.56 179.75 217.9 260.61 259.08 275.96 248.25 200.29 206.52 200.82 163.8 150.84 141.46 189.41 191.57 151.02 168.04 136.17 186.46 220.71 248.71 218.49 202.5 213.41 441.23 503.13 607.51 776.99 603.88 734.72 505.52 399.62 361.31 373.08 330.45 365.17 334.56 336.89 374.04 323.37 344.87 360.33 310.5 303.71 277.06 240.79 250.58 229.02 202.65 166.61 125.84 89.57
149.06 166.37 180.17 154.48 179.73 191.56 168.65 164.45 167.52 109.1 147.86 153.78 172.18 158.29 148.73 145.83 170.37 203.57 199.43 169.42 195.62 156.73 183.47 201.4 221.72 226.56 236.97 192.8 183.21 170.15 192.7 221.92 160.58 119.6 150.61 155.68 152.13 129.31 141.3 125.93 167.4 181.8 196.36 118.21 160.35 170.53 219.53 423.89 467.78 582.22 635.51 697.56 629.48 510.92 378.51 340.47 336.35 342.24 331.09 301.68 349.94 319.79 335.88 322.11 321.01 312.11 268.51 245.66 251.9 241.58 212.24 180.76 168.29 95.05
165.34 153.11 157.76 190.45 161.64 145.25 124.16 126.15 107.8 107.5 151.1 151.99 173.22 143.38 166.59 147.86 154.59 198.99 196.05 168.61 168.3 166.63 188.12 190.31 226.65 217.32 176.95 180.07 189.84 190.78 202.39 208.44 148.48 113.15 138.06 151.56 134.32 129.88 117.81 120.78 131.56 135 171.36 141.22 130.14 150.4 173.07 383.28 520.18 586.59 608.93 601.2 667.02 616.93 573.7 457.46 345.16 295.56 311.03 276.13 307.72 296.42 296.22 334.45 350.09 311.44 260.98 248.66 240.74 236.06 217.15 192.78 170.91 124.41
132.19 125.98 103.77 88.88 70.16 64.5 62.56 84.32 79.44 170.41 173.3 143.53 145.4 125.41 158.26 153.01 169.16 190.16 201.62 197.29 189.82 164.66 179.7 183.62 163.25 161.91 183.47 192.34 212.85 206.57 237.44 189.44 156.17 136.53 133.88 123.58 97.81 151.45 111.89 127.4 120.26 107.81 105.46 104.86 111.92 130.11 132.49 273.98 479.95 557.96 580.25 505.29 553.09 645.5 541.8 497.96 387.17 307.69 267.69 266.98 279.43 262.91 289.22 290.34 329.72 305.92 250.92 246.02 244.07 224.04 220.55 194.82 184.55 122.52
54.26 54.49 65.61 52.43 53.41 96.15 111.74 113.86 85.13 135.92 158.67 125.02 170.33 152.15 163.45 157.11 204.79 206.75 185.89 176.79 175.6 162.65 181.75 155.37 152.5 177.76 193.58 201.81 171.07 159.71 213.53 163.06 133.82 163.05 136.04 147.75 110.79 100.51 84.87 105.48 149.79 118.3 124.17 162.5 130.68 178.53 177.9 172.36 333.8 536.79 537.41 585.78 501.75 618.53 589.17 482.57 421.92 348 313.56 264.7 223.68 234.02 235.57 276.65 310.51 281.71 269.37 244.55 223.5 204.36 199.71 217.49 183.55 129.28
42.79 60.79 85.04 120.93 147.24 166.15 185.35 196.55 133.4 121.02 136.28 151.13 159.36 151.16 195.61 187.9 210.7 219.39 177.31 186.16 192.2 168.49 139 158.97 179.12 176.88 185.72 175.29 149.47 155.96 165.98 160.86 162.79 135.6 145.96 144.53 93.68 94.17 121.14 142.72 184.48 156.25 163.28 168.23 180.18 180.5 213.17 149.18 202.83 411.04 478.03 454.32 498.14 544.98 588.39 546.53 472.94 394.25 359.48 333.31 227.74 241.23 233.04 262.38 296.22 296.42 315.85 283.97 256.18 221.99 194.02 218.19 156.78 150.76
64.17 101.08 148.18 170.43 143.3 131.12 167 168.36 158.43 106.14 119.34 139.31 155.52 159.45 184.61 190.79 208.55 200.95 164.67 144.41 149.34 143.1 151.34 184.98 181.2 178.64 167.26 144.61 138.55 155.89 144.75 160.07 182.58 144.48 107.67 168.31 85.03 144.75 127.18 191.37 211.04 200.05 182.98 201.42 163.64 192.09 224.45 191.16 171.68 281.59 320.86 363.74 395 463.28 486.03 484.37 437.4 466.57 416.38 329.98 268.12 354.38 290.07 256.29 264.9 305.71 340.96 326.32 290.1 242.46 186.42 168.2 190.94 211.95
71.66 170.95 184.52 161.12 152.35 131.97 122.49 132.2 134.83 142.33 158.01 142.9 154.23 174.32 181.87 180.72 161.96 155.21 176.04 154.84 117.41 150.64 160.6 187.48 157.64 135.68 135.11 127.09 121.38 118.12 126.2 168.78 174.53 168 119.45 88.57 130.01 139.75 183.97 171.61 220.18 241.24 213.81 223.75 178.14 196.76 254.7 228.67 187.44 219.4 218.19 301.45 272.18 335.35 347.01 410.14 392.08 347.3 388.92 283.39 361.44 431.04 386.06 356.03 307.4 273.43 335.54 351.12 320.9 261.4 200.77 188.21 232.26 273.24
75.64 162.94 199.54 152.98 189.94 164.84 153.78 147.95 159.7 181.49 171.29 131.43 156.84 206.88 209.3 203.4 182.24 185.03 153.12 130.84 113.45 159.53 185.38 213.05 186.09 144.75 121.39 123.43 117.98 150.42 157.09 159.86 169.29 166.93 108.1 148.72 119.15 128.56 168.1 172.28 181.67 188.78 259.32 352.24 304.01 214.38 314.68 347.16 235.31 265.01 260.2 309.34 365.87 235.95 219.64 322.27 268.91 273.16 220.51 301.24 403.51 387.02 394.08 398.29 335.99 299.15 350.61 393.44 347.91 291.6 209.89 213.82 199.74 238.96
58.05 92.94 153.77 140.52 162.24 146.74 150.94 146.9 171.08 170.82 144.61 165.02 204.26 192 181.47 182.34 175.28 176.46 154.4 139.5 118.11 151.9 171.48 205.99 150.46 113.93 111.99 93.12 103.72 128.33 115.6 119.07 135.18 137.49 106.1 150.1 169.06 176.86 200.69 211.95 182.18 239.93 298.42 313.9 317.33 226.6 293.94 328.93 323.68 284.19 241.97 200.52 220.38 224.63 198.44 192.18 225.31 190.59 277.09 283.39 355.49 324.25 364.37 389.59 376.47 326 342.66 385.34 410.54 364.77 251.78 229.8 205.62 181.41
107.09 84.11 101.57 109.17 142.39 125.43 141.84 146.05 173.74 165.98 158.87 176.75 206.16 193.33 169.89 169.15 168.24 172.09 164.7 153.91 135.1 111.29 122.61 130.27 161.32 140.76 136.4 131.3 138.3 144.64 149.89 145.24 122.39 101.71 106.44 135.42 174.45 219.81 254.42 269.75 244.74 210.1 225.7 258.76 293.38 230.96 262.09 262.05 237.51 225.21 216.14 163.57 184.68 151.62 172.69 160.48 154.71 222.44 276.62 321.65 322.21 268.01 317.91 316.28 336.5 348.37 370.29 319.53 349.42 433.66 323.54 257.36 221.28 183.47
160.87 105.97 105.12 129.92 127.97 130.81 152.1 156.75 177.78 196.05 188.76 178.92 181.73 192.73 171.24 154.65 158.12 159.27 159.57 121.97 114.06 128.69 110.55 125.56 144.84 148.1 157.63 143.11 167.86 155.14 188.99 178.39 161.88 143.77 102.68 176.12 162.42 185.29 233.08 275.85 270.84 249.54 231.35 229.39 258.26 211.08 220.13 250.42 253.21 233.67 235.6 185.2 134.72 150.36 129.16 146.13 194.93 230.45 231.72 202.14 228.24 271.67 294.45 285.7 311.86 304.05 299.69 294.05 275.51 373.35 357.41 256.13 216.13 189.2
153.48 150.87 136.1 162.32 157.96 177.51 133.7 158.61 171.16 212.15 189.3 191.47 184.99 177.53 153.96 165.88 159.41 154.9 148.94 124.52 128.3 126.11 130.08 148.84 158.94 184.76 180.92 153.19 164.79 160.99 160.39 141.31 145.28 118.61 108.76 125.56 158.03 191.11 198.26 244.37 242.29 235.06 192.49 222.7 215 179.92 211.39 195.76 216.27 233.28 276.95 196.55 133.43 122.39 168.56 214.3 220.72 194.79 203.15 242.88 274.56 293.98 311.81 312.41 296.01 284.03 251.44 268.59 235.16 253.85 338.15 271.14 244.7 204.51
185.54 180.02 161.52 196.13 170.42 164.96 126.9 166.67 169.02 148.18 152.26 171.18 178.67 194.68 145.76 153.88 140.96 131.37 133.47 138.44 136.6 140.54 138.26 157.42 154.33 179.99 188.16 141.61 146.02 138.54 149.21 132.45 115.38 115 159.39 147.71 168.44 164.7 207.46 220.98 206.24 187.01 150.1 144.96 168.69 190.87 168.36 163.09 204.74 215.99 261.86 226.36 121.74 141.09 198.11 184.09 160.39 201.62 239.59 246.27 213.22 243.48 292.94 293.51 279.75 259.48 228.11 259.03 223.69 217.22 231.84 264.98 303.12 237.31
185.72 197.76 173.95 175.94 182.19 171.08 151.51 181.44 185.52 145.29 153.07 170.34 171.42 166.06 148.39 137.94 131.67 114.04 134.93 146.99 144.42 128.93 131.13 133.08 125.27 143.4 154.41 136.31 148.04 126.53 126.68 149.35 81.53 128.06 157.76 129.87 126.32 168.37 185.66 152.91 202.91 132.81 140.85 166.4 191.42 143.3 167.36 172.48 182.87 212.53 230.39 187.8 113.16 185.86 183.88 149.38 184.77 213.56 214.62 205.7 194.81 241.32 277.53 258.4 233 250.65 210.43 205.67 212.29 203.99 229.75 273.11 321.29 230.18
171.42 181.99 179.56 177.62 201.11 160.68 146.61 171.01 185.08 145.78 160.92 171.67 166.12 152.34 134.56 129.36 133.63 109.82 136.45 125.43 137.01 120.93 112.94 127.82 114.34 111.72 118.54 114.5 132.79 93.19 102.4 89.08 79.83 145.95 142.01 137.82 104.41 143.37 170.28 152.86 165.22 118.12 139.54 182.52 146.1 154.98 164.63 148.99 165.56 185.01 166.69 130.04 123.62 182.85 135.58 122.44 125.45 141 157.27 156.89 185.88 253.82 234.44 209.41 198.2 239.47 233.98 218.64 173.07 211.09 239.52 246.88 234.76 203.53
161.11 176.66 168.39 165.46 192.24 142.42 129.57 180.35 180.4 153.33 190.45 185.72 145.9 141.78 116.01 141.87 128.38 106.39 125.09 128.91 146.42 123.85 114.37 102.31 99.49 87.78 92.12 90.44 97.26 145.33 118.24 83.04 71.2 140.31 124.74 124.69 114.91 121.59 155.23 144.86 144.26 90.18 141.87 131.59 111.41 111.05 123.44 173.18 204.73 144.96 128.5 92.59 95.78 113.16 99.95 132.53 155.35 188.99 182.93 207.91 211.85 223.82 210.53 167.9 184.59 215.49 204.94 225.03 171.02 219.26 228.91 184.29 149.5 121.31
146.46 175.59 184.57 204.63 178.57 128.91 141.56 160.4 170.97 180.92 182.53 158.77 127.8 132.53 125.83 156.07 124.15 122.42 121.75 144.43 129.91 119.22 102.98 101.5 96.51 97.89 149.67 139.59 135.14 127.5 132.75 117.14 72.42 126.78 146.75 100.18 120.67 118.12 135.47 130.83 112.22 102.51 99.32 103.03 134.43 124.82 171.98 180.01 145.12 102.6 71.65 71.18 86.46 81.68 122.56 191.55 183.49 180.37 138.02 179.65 174.05 163.57 155.42 213.74 203.83 190.81 169.45 200.83 161.52 179.22 164.03 138.41 108.55 120.59
169.26 172.45 178.31 146.09 127.85 147.19 151.31 166.87 209.52 185.95 174.54 156.25 143.81 133.71 128.69 154.26 128.12 116.14 111.99 104 99.16 103.02 80.69 84.7 111.46 160.02 132.91 165.34 141.8 165.05 124.67 136.53 72.21 99.09 146.09 89.66 112.73 128.47 103.84 133.3 98.99 100.35 65.48 145.19 183.92 127.84 147.28 163.14 113.31 63.63 62.79 105.73 143.66 133.26 129.6 145.64 152.97 155.59 164.02 136.88 131.61 137.92 175.07 160.03 169.85 162.79 186.26 177.12 134.55 161.96 137.55 108.66 95.75 79.64
